2.600000000000000000e+03 1.709522702526510415e-09
2.599000000000000000e+03 1.883049271146643432e-09
2.598000000000000000e+03 2.149997898883545199e-09
2.597000000000000000e+03 2.465055711732977590e-09
2.596000000000000000e+03 2.720062654547201076e-09
2.595000000000000000e+03 2.961539733828871329e-09
2.594000000000000000e+03 3.329163305571266491e-09
2.593000000000000000e+03 3.865504309722238033e-09
2.592000000000000000e+03 4.433263186304952353e-09
2.591000000000000000e+03 4.902242032101102000e-09
2.590000000000000000e+03 5.402825942736660627e-09
2.589000000000000000e+03 6.163152249146304170e-09
2.588000000000000000e+03 7.170487535425706020e-09
2.587000000000000000e+03 8.094470277530181869e-09
2.586000000000000000e+03 8.782558408466211584e-09
2.585000000000000000e+03 9.563498757351506819e-09
2.584000000000000000e+03 1.080998434467940853e-08
2.583000000000000000e+03 1.202772579198495125e-08
2.582000000000000000e+03 1.284513689481480924e-08
2.581000000000000000e+03 1.320831445239954677e-08
2.580000000000000000e+03 1.377028425378224928e-08
2.579000000000000000e+03 1.463043515741832602e-08
2.578000000000000000e+03 1.513122032609843577e-08
2.577000000000000000e+03 1.490872530703582109e-08
2.576000000000000000e+03 1.439373778226374602e-08
2.575000000000000000e+03 1.424651692667540510e-08
2.574000000000000000e+03 1.431981318318219411e-08
2.573000000000000000e+03 1.386479867303471350e-08
2.572000000000000000e+03 1.292906104676719282e-08
2.571000000000000000e+03 1.209610894845879749e-08
2.570000000000000000e+03 1.173459962356510041e-08
2.569000000000000000e+03 1.138991398189431222e-08
2.568000000000000000e+03 1.060758284826446089e-08
2.567000000000000000e+03 9.664363229215916353e-09
2.566000000000000000e+03 9.012853097342444581e-09
2.565000000000000000e+03 8.639357610975087266e-09
2.564000000000000000e+03 8.185455218252896305e-09
2.563000000000000000e+03 7.409991133391122706e-09
2.562000000000000000e+03 6.721211201228484563e-09
2.561000000000000000e+03 6.330333232192808771e-09
2.560000000000000000e+03 6.048175070192084423e-09
2.559000000000000000e+03 5.588123088717547290e-09
2.558000000000000000e+03 5.034520478076966965e-09
2.557000000000000000e+03 4.614775760512004734e-09
2.556000000000000000e+03 4.417490093458228730e-09
2.555000000000000000e+03 4.194200190907501991e-09
2.554000000000000000e+03 3.853612850454863281e-09
2.553000000000000000e+03 3.493563604593286782e-09
2.552000000000000000e+03 3.320966010028985825e-09
2.551000000000000000e+03 3.229061959719154458e-09
2.550000000000000000e+03 3.070244341951120786e-09
2.549000000000000000e+03 2.840145950448943086e-09
2.548000000000000000e+03 2.669408788342811032e-09
2.547000000000000000e+03 2.623402545410698817e-09
2.546000000000000000e+03 2.589359205227983710e-09
2.545000000000000000e+03 2.476257711949801832e-09
2.544000000000000000e+03 2.338006482049312163e-09
2.543000000000000000e+03 2.288022942999525223e-09
2.542000000000000000e+03 2.314456612965013896e-09
2.541000000000000000e+03 2.303909633070991533e-09
2.540000000000000000e+03 2.221044569372690112e-09
2.539000000000000000e+03 2.176782770180073226e-09
2.538000000000000000e+03 2.230395226867936983e-09
2.537000000000000000e+03 2.304867423395165521e-09
2.536000000000000000e+03 2.310854173297875530e-09
2.535000000000000000e+03 2.288344451875104454e-09
2.534000000000000000e+03 2.346340888785616577e-09
2.533000000000000000e+03 2.486663230760890657e-09
2.532000000000000000e+03 2.595525326002593556e-09
2.531000000000000000e+03 2.632111983761927318e-09
2.530000000000000000e+03 2.705394304842029957e-09
2.529000000000000000e+03 2.872070442635470518e-09
2.528000000000000000e+03 3.072490177141945794e-09
2.527000000000000000e+03 3.192151932589202805e-09
2.526000000000000000e+03 3.274032800172534343e-09
2.525000000000000000e+03 3.448145209050152527e-09
2.524000000000000000e+03 3.739627261074471256e-09
2.523000000000000000e+03 3.950061410742104446e-09
2.522000000000000000e+03 4.027255743629391479e-09
2.521000000000000000e+03 4.141877375823431170e-09
2.520000000000000000e+03 4.322219273192017032e-09
2.519000000000000000e+03 4.521543985299938533e-09
2.518000000000000000e+03 4.456213889438442819e-09
2.517000000000000000e+03 4.264168190749584631e-09
2.516000000000000000e+03 4.111757361365722446e-09
2.515000000000000000e+03 4.010913035194959163e-09
2.514000000000000000e+03 3.871572037413072964e-09
2.513000000000000000e+03 3.311791640340200838e-09
2.512000000000000000e+03 2.955299523861403851e-09
2.511000000000000000e+03 2.723449712201113021e-09
2.510000000000000000e+03 2.464209953774903760e-09
2.509000000000000000e+03 2.152492465476310034e-09
2.508000000000000000e+03 1.876560686015655816e-09
2.507000000000000000e+03 1.652933971648268526e-09
2.506000000000000000e+03 1.588257062503999778e-09
2.505000000000000000e+03 1.390313690776749507e-09
2.504000000000000000e+03 1.224373236619195522e-09
2.503000000000000000e+03 1.110313742012762432e-09
2.502000000000000000e+03 1.039502741105172217e-09
2.501000000000000000e+03 9.597093942751692170e-10
2.500000000000000000e+03 8.648242373580808540e-10
2.499000000000000000e+03 7.837859021623358123e-10
2.498000000000000000e+03 7.386950699074715798e-10
2.497000000000000000e+03 6.992704998914140982e-10
2.496000000000000000e+03 6.418699890073749251e-10
2.495000000000000000e+03 5.879345829149802264e-10
2.494000000000000000e+03 5.599977588828985582e-10
2.493000000000000000e+03 5.447362439877789242e-10
2.492000000000000000e+03 5.173544359946199437e-10
2.491000000000000000e+03 4.823399566663857607e-10
2.490000000000000000e+03 4.628936886724316119e-10
2.489000000000000000e+03 4.642003801252364339e-10
2.488000000000000000e+03 4.600804590496278537e-10
2.487000000000000000e+03 4.434575221962052157e-10
2.486000000000000000e+03 4.334337586335753527e-10
2.485000000000000000e+03 4.412120613205453488e-10
2.484000000000000000e+03 4.510535045143381802e-10
2.483000000000000000e+03 4.476271260037499116e-10
2.482000000000000000e+03 4.425616760117754130e-10
2.481000000000000000e+03 4.562055250319430163e-10
2.480000000000000000e+03 4.791383116867626970e-10
2.479000000000000000e+03 4.926058023710652731e-10
2.478000000000000000e+03 4.974893786569565058e-10
2.477000000000000000e+03 5.193164573650253303e-10
2.476000000000000000e+03 5.602035340242377098e-10
2.475000000000000000e+03 5.976641514604412017e-10
2.474000000000000000e+03 6.231169122649830605e-10
2.473000000000000000e+03 6.623404305058990744e-10
2.472000000000000000e+03 7.335229069939838848e-10
2.471000000000000000e+03 8.152899616362326436e-10
2.470000000000000000e+03 8.822953599736146474e-10
2.469000000000000000e+03 9.659151302269092167e-10
2.468000000000000000e+03 1.103289158577178626e-09
2.467000000000000000e+03 1.281353570783635867e-09
2.466000000000000000e+03 1.451859745219203473e-09
2.465000000000000000e+03 1.636947451316275791e-09
2.464000000000000000e+03 1.909548729053094316e-09
2.463000000000000000e+03 2.264470450349327344e-09
2.462000000000000000e+03 2.572806933981276644e-09
2.461000000000000000e+03 2.830831838781718222e-09
2.460000000000000000e+03 3.039565140711191632e-09
2.459000000000000000e+03 3.245008705169672596e-09
2.458000000000000000e+03 3.187459221658643035e-09
2.457000000000000000e+03 2.906972189443265652e-09
2.456000000000000000e+03 2.571380478640126585e-09
2.455000000000000000e+03 2.295249611176885722e-09
2.454000000000000000e+03 1.971777922786377567e-09
2.453000000000000000e+03 1.626524915630080387e-09
2.452000000000000000e+03 1.347346508162382358e-09
2.451000000000000000e+03 1.161672418884618503e-09
2.450000000000000000e+03 1.008599431011427604e-09
2.449000000000000000e+03 8.520302094982107422e-10
2.448000000000000000e+03 7.247633465138037990e-10
2.447000000000000000e+03 6.452393292600772749e-10
2.446000000000000000e+03 5.844216061047505269e-10
2.445000000000000000e+03 5.173227961303768108e-10
2.444000000000000000e+03 4.558667071701960726e-10
2.443000000000000000e+03 4.181412244614564554e-10
2.442000000000000000e+03 3.934430544820497441e-10
2.441000000000000000e+03 3.637133405392617557e-10
2.440000000000000000e+03 3.312779232782322175e-10
2.439000000000000000e+03 3.102162657077869640e-10
2.438000000000000000e+03 3.030479788508294597e-10
2.437000000000000000e+03 2.886139905173122299e-10
2.436000000000000000e+03 2.710368463351055780e-10
2.435000000000000000e+03 2.593306793648788376e-10
2.434000000000000000e+03 2.595809712910016953e-10
2.433000000000000000e+03 2.552042009788709088e-10
2.432000000000000000e+03 2.452916184317082796e-10
2.431000000000000000e+03 2.412382867922675336e-10
2.430000000000000000e+03 2.473608194742962646e-10
2.429000000000000000e+03 2.506943410616168204e-10
2.428000000000000000e+03 2.480046577410380913e-10
2.427000000000000000e+03 2.473531401371310948e-10
2.426000000000000000e+03 2.575843446117233574e-10
2.425000000000000000e+03 2.688735680370246198e-10
2.424000000000000000e+03 2.732298617636863193e-10
2.423000000000000000e+03 2.802179400680793064e-10
2.422000000000000000e+03 2.995019146990365898e-10
2.421000000000000000e+03 3.193603432744844481e-10
2.420000000000000000e+03 3.328158280579664808e-10
2.419000000000000000e+03 3.470685531526323569e-10
2.418000000000000000e+03 3.759334529105446147e-10
2.417000000000000000e+03 4.098474483460412500e-10
2.416000000000000000e+03 4.346433595658057996e-10
2.415000000000000000e+03 4.554762687957404124e-10
2.414000000000000000e+03 4.956651377369748445e-10
2.413000000000000000e+03 5.404570983572631636e-10
2.412000000000000000e+03 5.657828391973711627e-10
2.411000000000000000e+03 5.795296770440639649e-10
2.410000000000000000e+03 6.054849548967867911e-10
2.409000000000000000e+03 6.296810800626963551e-10
2.408000000000000000e+03 6.219561418563574494e-10
2.407000000000000000e+03 5.942366457561287479e-10
2.406000000000000000e+03 5.757428981229927869e-10
2.405000000000000000e+03 5.574017842646863235e-10
2.404000000000000000e+03 5.142109567372303917e-10
2.403000000000000000e+03 4.616615039194542968e-10
2.402000000000000000e+03 4.244284945321032367e-10
2.401000000000000000e+03 3.976537189632456765e-10
2.400000000000000000e+03 3.578871741114174302e-10
2.399000000000000000e+03 3.175268600963972096e-10
2.398000000000000000e+03 2.923078166308871143e-10
2.397000000000000000e+03 2.737937094518812021e-10
2.396000000000000000e+03 2.511503448357035179e-10
2.395000000000000000e+03 2.261912140214532775e-10
2.394000000000000000e+03 2.119168260857451222e-10
2.393000000000000000e+03 2.036213416484555578e-10
2.392000000000000000e+03 1.912214636053312483e-10
2.391000000000000000e+03 1.773518677667914764e-10
2.390000000000000000e+03 1.713845061505616933e-10
2.389000000000000000e+03 1.696880276991198344e-10
2.388000000000000000e+03 1.640728059060358363e-10
2.387000000000000000e+03 1.574336435483986535e-10
2.386000000000000000e+03 1.571314862461812767e-10
2.385000000000000000e+03 1.611415972650690804e-10
2.384000000000000000e+03 1.615220061870867830e-10
2.383000000000000000e+03 1.612450168389190591e-10
2.382000000000000000e+03 1.680104073387094508e-10
2.381000000000000000e+03 1.799924475076410917e-10
2.380000000000000000e+03 1.892167242129013643e-10
2.379000000000000000e+03 1.989704852721177364e-10
2.378000000000000000e+03 2.206457383672319678e-10
2.377000000000000000e+03 2.523784403439145467e-10
2.376000000000000000e+03 2.860350145969219184e-10
2.375000000000000000e+03 3.295798751473299917e-10
2.374000000000000000e+03 4.095645990676557785e-10
2.373000000000000000e+03 5.370821634744241765e-10
2.372000000000000000e+03 7.231192337009325815e-10
2.371000000000000000e+03 1.052052551616880728e-09
2.370000000000000000e+03 1.767206811986805111e-09
2.369000000000000000e+03 3.147153507895640069e-09
2.368000000000000000e+03 4.322213463657989346e-09
2.367000000000000000e+03 4.023417172300337333e-09
2.366000000000000000e+03 2.853609819131273473e-09
2.365000000000000000e+03 1.658502746224861069e-09
2.364000000000000000e+03 8.516031940352326793e-10
2.363000000000000000e+03 4.772488471573601448e-10
2.362000000000000000e+03 3.047749548388061464e-10
2.361000000000000000e+03 2.076820798725030195e-10
2.360000000000000000e+03 1.439988717812601927e-10
2.359000000000000000e+03 1.048345228306295432e-10
2.358000000000000000e+03 8.154597272932722058e-11
2.357000000000000000e+03 6.425663465679457835e-11
2.356000000000000000e+03 4.978529953576952650e-11
2.355000000000000000e+03 4.005617836664650024e-11
2.354000000000000000e+03 3.379497979553891089e-11
2.353000000000000000e+03 2.823460899166237528e-11
2.352000000000000000e+03 2.319690381014158087e-11
2.351000000000000000e+03 1.969646395011282909e-11
2.350000000000000000e+03 1.733742994829182310e-11
2.349000000000000000e+03 1.498660842697049042e-11
2.348000000000000000e+03 1.274114301725948384e-11
2.347000000000000000e+03 1.121637422064910047e-11
2.346000000000000000e+03 1.016482855222432824e-11
2.345000000000000000e+03 8.980699775258321239e-12
2.344000000000000000e+03 7.838602648401252188e-12
2.343000000000000000e+03 7.107720903305826151e-12
2.342000000000000000e+03 6.561611063833579286e-12
2.341000000000000000e+03 5.883655525882989692e-12
2.340000000000000000e+03 5.240983586802743895e-12
2.339000000000000000e+03 4.871574353868548533e-12
2.338000000000000000e+03 4.567103591027110903e-12
2.337000000000000000e+03 4.126021320116821831e-12
2.336000000000000000e+03 3.768876176092625825e-12
2.335000000000000000e+03 3.597348586431166131e-12
2.334000000000000000e+03 3.379161156343855488e-12
2.333000000000000000e+03 3.102200494585697918e-12
2.332000000000000000e+03 2.884587524577270030e-12
2.331000000000000000e+03 2.804479347176792795e-12
2.330000000000000000e+03 2.659657336258747309e-12
2.329000000000000000e+03 2.472694312338537923e-12
2.328000000000000000e+03 2.349245993775576987e-12
2.327000000000000000e+03 2.302377486415852069e-12
2.326000000000000000e+03 2.193792738216085218e-12
2.325000000000000000e+03 2.060771752057722960e-12
2.324000000000000000e+03 2.012753821469214359e-12
2.323000000000000000e+03 1.989193423558630398e-12
2.322000000000000000e+03 1.900434118468321541e-12
2.321000000000000000e+03 1.819480330069182134e-12
2.320000000000000000e+03 1.810748656871801689e-12
2.319000000000000000e+03 1.798857747628822135e-12
2.318000000000000000e+03 1.727760228090413845e-12
2.317000000000000000e+03 1.687332676624661856e-12
2.316000000000000000e+03 1.707091735497541688e-12
2.315000000000000000e+03 1.698135302876460384e-12
2.314000000000000000e+03 1.647743265964296494e-12
2.313000000000000000e+03 1.645970605271289885e-12
2.312000000000000000e+03 1.683268642746776916e-12
2.311000000000000000e+03 1.676999312363443942e-12
2.310000000000000000e+03 1.648422079508419231e-12
2.309000000000000000e+03 1.682512402442709221e-12
2.308000000000000000e+03 1.733420731680251571e-12
2.307000000000000000e+03 1.728327247830385624e-12
2.306000000000000000e+03 1.731239556435107460e-12
2.305000000000000000e+03 1.801624693937350385e-12
2.304000000000000000e+03 1.861383845589644319e-12
2.303000000000000000e+03 1.868719374676890834e-12
2.302000000000000000e+03 1.915938247493598126e-12
2.301000000000000000e+03 2.028099079421725956e-12
2.300000000000000000e+03 2.096784133972842741e-12
2.299000000000000000e+03 2.131196240477158224e-12
2.298000000000000000e+03 2.243225859953428720e-12
2.297000000000000000e+03 2.400700516069089213e-12
2.296000000000000000e+03 2.489256402949027100e-12
2.295000000000000000e+03 2.586122768834609180e-12
2.294000000000000000e+03 2.791917602276932483e-12
2.293000000000000000e+03 3.012604935256329063e-12
2.292000000000000000e+03 3.158090263430138826e-12
2.291000000000000000e+03 3.377763359012297416e-12
2.290000000000000000e+03 3.750582727598595484e-12
2.289000000000000000e+03 4.086871358079964751e-12
2.288000000000000000e+03 4.407784483671382611e-12
2.287000000000000000e+03 4.914992536273619209e-12
2.286000000000000000e+03 5.592386972084536534e-12
2.285000000000000000e+03 6.207231085937683842e-12
2.284000000000000000e+03 6.979434052405328326e-12
2.283000000000000000e+03 8.206875164759545926e-12
2.282000000000000000e+03 9.680212970086794455e-12
2.281000000000000000e+03 1.126556125423687587e-11
2.280000000000000000e+03 1.365619611465736346e-11
2.279000000000000000e+03 1.740353158847372847e-11
2.278000000000000000e+03 2.214866707015463073e-11
2.277000000000000000e+03 2.884585219323703187e-11
2.276000000000000000e+03 4.138791770540252529e-11
2.275000000000000000e+03 6.383561636382372010e-11
2.274000000000000000e+03 1.073349393252646137e-10
2.273000000000000000e+03 2.277944936352740884e-10
2.272000000000000000e+03 7.537899988568701419e-10
2.271000000000000000e+03 1.597069906850222330e-09
2.270000000000000000e+03 1.535809930429169004e-09
2.269000000000000000e+03 8.162589697607412073e-10
2.268000000000000000e+03 2.690226365766040451e-10
2.267000000000000000e+03 1.190961645120249187e-10
2.266000000000000000e+03 6.772845979493776235e-11
2.265000000000000000e+03 4.542915022793238261e-11
2.264000000000000000e+03 3.273877005251455220e-11
2.263000000000000000e+03 2.420285904324153897e-11
2.262000000000000000e+03 1.911081151314246437e-11
2.261000000000000000e+03 1.586789657858917294e-11
2.260000000000000000e+03 1.313080657745831647e-11
2.259000000000000000e+03 1.096992994184956674e-11
2.258000000000000000e+03 9.688316778963853753e-12
2.257000000000000000e+03 8.609446031430058564e-12
2.256000000000000000e+03 7.538039998017083340e-12
2.255000000000000000e+03 6.776239471242406367e-12
2.254000000000000000e+03 6.315619690629351812e-12
2.253000000000000000e+03 5.789709536857517459e-12
2.252000000000000000e+03 5.276501025114934252e-12
2.251000000000000000e+03 4.995268052026679000e-12
2.250000000000000000e+03 4.769969794159476014e-12
2.249000000000000000e+03 4.439501723236788998e-12
2.248000000000000000e+03 4.233745627106305679e-12
2.247000000000000000e+03 4.136497483897905665e-12
2.246000000000000000e+03 3.998390083149966958e-12
2.245000000000000000e+03 3.806713768254025249e-12
2.244000000000000000e+03 3.768953517569332782e-12
2.243000000000000000e+03 3.724982722905453587e-12
2.242000000000000000e+03 3.609150509448828107e-12
2.241000000000000000e+03 3.551280560611756800e-12
2.240000000000000000e+03 3.609195550841135918e-12
2.239000000000000000e+03 3.568036195290723083e-12
2.238000000000000000e+03 3.530170538390455890e-12
2.237000000000000000e+03 3.586479620571146629e-12
2.236000000000000000e+03 3.657095896590080295e-12
2.235000000000000000e+03 3.636010441703015182e-12
2.234000000000000000e+03 3.703939616241029178e-12
2.233000000000000000e+03 3.859540357437756573e-12
2.232000000000000000e+03 3.928829795337245307e-12
2.231000000000000000e+03 3.959267413540905899e-12
2.230000000000000000e+03 4.148367649234443818e-12
2.229000000000000000e+03 4.359043259294490786e-12
2.228000000000000000e+03 4.438227253439412736e-12
2.227000000000000000e+03 4.636142060624721020e-12
2.226000000000000000e+03 4.949754189340851256e-12
2.225000000000000000e+03 5.135518473964000551e-12
2.224000000000000000e+03 5.346315161380302612e-12
2.223000000000000000e+03 5.783909101383706381e-12
2.222000000000000000e+03 6.174479222239333695e-12
2.221000000000000000e+03 6.472413963662263228e-12
2.220000000000000000e+03 6.985288116030168693e-12
2.219000000000000000e+03 7.690449107365077736e-12
2.218000000000000000e+03 8.192354029085318045e-12
2.217000000000000000e+03 8.843736723525847590e-12
2.216000000000000000e+03 9.890053327199332845e-12
2.215000000000000000e+03 1.085717514828483900e-11
2.214000000000000000e+03 1.180089379534989068e-11
2.213000000000000000e+03 1.327981354466414602e-11
2.212000000000000000e+03 1.506173846178616809e-11
2.211000000000000000e+03 1.667266338324265376e-11
2.210000000000000000e+03 1.886737689909588488e-11
2.209000000000000000e+03 2.197745081988744775e-11
2.208000000000000000e+03 2.505622012416879346e-11
2.207000000000000000e+03 2.871433979566291241e-11
2.206000000000000000e+03 3.405044201764695931e-11
2.205000000000000000e+03 4.026747963597850444e-11
2.204000000000000000e+03 4.685463040119584717e-11
2.203000000000000000e+03 5.657281513453755450e-11
2.202000000000000000e+03 6.922645804392126166e-11
2.201000000000000000e+03 8.284454458530490514e-11
2.200000000000000000e+03 1.008567182221877630e-10
2.199000000000000000e+03 1.270018997439251086e-10
2.198000000000000000e+03 1.559896209444705416e-10
2.197000000000000000e+03 1.893054888112986897e-10
2.196000000000000000e+03 2.355091477901172358e-10
2.195000000000000000e+03 2.860638544157237672e-10
2.194000000000000000e+03 3.322166713182329916e-10
2.193000000000000000e+03 3.838506926584997545e-10
2.192000000000000000e+03 4.336114904810270166e-10
2.191000000000000000e+03 4.578847524433132092e-10
2.190000000000000000e+03 4.734200375882921382e-10
2.189000000000000000e+03 4.891034485570445916e-10
2.188000000000000000e+03 4.827796626043668850e-10
2.187000000000000000e+03 4.692185279864335525e-10
2.186000000000000000e+03 4.653145811933622004e-10
2.185000000000000000e+03 4.614432497649834739e-10
2.184000000000000000e+03 4.463280236872051102e-10
2.183000000000000000e+03 4.503552759367619093e-10
2.182000000000000000e+03 4.602776850546182841e-10
2.181000000000000000e+03 4.637058021217455676e-10
2.180000000000000000e+03 4.776762263544386508e-10
2.179000000000000000e+03 5.101526456432404976e-10
2.178000000000000000e+03 5.392060171823234926e-10
2.177000000000000000e+03 5.752905736856944442e-10
2.176000000000000000e+03 6.439883522725351732e-10
2.175000000000000000e+03 7.186541707061284793e-10
2.174000000000000000e+03 7.985191384182152337e-10
2.173000000000000000e+03 9.308475457340777840e-10
2.172000000000000000e+03 1.095113522061475452e-09
2.171000000000000000e+03 1.262455388394672532e-09
2.170000000000000000e+03 1.483989218985269419e-09
2.169000000000000000e+03 1.741614776809464640e-09
2.168000000000000000e+03 1.917690791023031986e-09
2.167000000000000000e+03 2.014727336072732847e-09
2.166000000000000000e+03 2.028131774291105236e-09
2.165000000000000000e+03 1.862842283371819760e-09
2.164000000000000000e+03 1.604079146269194833e-09
2.163000000000000000e+03 1.368208114496704182e-09
2.162000000000000000e+03 1.128208036219358117e-09
2.161000000000000000e+03 9.084024914147611371e-10
2.160000000000000000e+03 7.554913537119394567e-10
2.159000000000000000e+03 6.344324569395018873e-10
2.158000000000000000e+03 5.251360118309668895e-10
2.157000000000000000e+03 4.504106748248636409e-10
2.156000000000000000e+03 3.946072459458959980e-10
2.155000000000000000e+03 3.400782382184423287e-10
2.154000000000000000e+03 2.998089677941995786e-10
2.153000000000000000e+03 2.752871607345910317e-10
2.152000000000000000e+03 2.460797816264305870e-10
2.151000000000000000e+03 2.225327387706379807e-10
2.150000000000000000e+03 2.085274847500198328e-10
2.149000000000000000e+03 1.930729739847011230e-10
2.148000000000000000e+03 1.781317877633932910e-10
2.147000000000000000e+03 1.699608384112376037e-10
2.146000000000000000e+03 1.613891037460425215e-10
2.145000000000000000e+03 1.510124463502412547e-10
2.144000000000000000e+03 1.453315824504796400e-10
2.143000000000000000e+03 1.404524579652796632e-10
2.142000000000000000e+03 1.328783066020658407e-10
2.141000000000000000e+03 1.285663957318584593e-10
2.140000000000000000e+03 1.255264356862622482e-10
2.139000000000000000e+03 1.193568532253469543e-10
2.138000000000000000e+03 1.152925150728342169e-10
2.137000000000000000e+03 1.130272100413957382e-10
2.136000000000000000e+03 1.080261493542193345e-10
2.135000000000000000e+03 1.035823127607516596e-10
2.134000000000000000e+03 1.015907053468690858e-10
2.133000000000000000e+03 9.719887467005724857e-11
2.132000000000000000e+03 9.252448177597036746e-11
2.131000000000000000e+03 9.037629715438368778e-11
2.130000000000000000e+03 8.650517859444532301e-11
2.129000000000000000e+03 8.202717621457660754e-11
2.128000000000000000e+03 7.965137324589827020e-11
2.127000000000000000e+03 7.647615050507811481e-11
2.126000000000000000e+03 7.234432701601215119e-11
2.125000000000000000e+03 7.002269941328270649e-11
2.124000000000000000e+03 6.746638863946407946e-11
2.123000000000000000e+03 6.380177518903293494e-11
2.122000000000000000e+03 6.187263283026307144e-11
2.121000000000000000e+03 5.988188802948097095e-11
2.120000000000000000e+03 5.703154405605274577e-11
2.119000000000000000e+03 5.520834158740089051e-11
2.118000000000000000e+03 5.373498834607631126e-11
2.117000000000000000e+03 5.150627800605976541e-11
2.116000000000000000e+03 5.069819612197685679e-11
2.115000000000000000e+03 4.941984409990534550e-11
2.114000000000000000e+03 4.812895524074118223e-11
2.113000000000000000e+03 4.771239718541470891e-11
2.112000000000000000e+03 4.664248946321571035e-11
2.111000000000000000e+03 4.631914969967000504e-11
2.110000000000000000e+03 4.631568777904620329e-11
2.109000000000000000e+03 4.577261112040146531e-11
2.108000000000000000e+03 4.600007922783959389e-11
2.107000000000000000e+03 4.648423894147484724e-11
2.106000000000000000e+03 4.618147391010755593e-11
2.105000000000000000e+03 4.703714130500274390e-11
2.104000000000000000e+03 4.812916437674222268e-11
2.103000000000000000e+03 4.859225300370872767e-11
2.102000000000000000e+03 4.982300078723575911e-11
2.101000000000000000e+03 5.201822955301642308e-11
2.100000000000000000e+03 5.326029762902580262e-11
2.099000000000000000e+03 5.535414047200641531e-11
2.098000000000000000e+03 5.842121548326763302e-11
2.097000000000000000e+03 6.072177351956463505e-11
2.096000000000000000e+03 6.367822388462941295e-11
2.095000000000000000e+03 6.814897506137529070e-11
2.094000000000000000e+03 7.181057739824876743e-11
2.093000000000000000e+03 7.588781991287254026e-11
2.092000000000000000e+03 8.159216656600951016e-11
2.091000000000000000e+03 8.647293696508717049e-11
2.090000000000000000e+03 9.146482530939943773e-11
2.089000000000000000e+03 9.799683058630497494e-11
2.088000000000000000e+03 1.034804746902011348e-10
2.087000000000000000e+03 1.077441295062073864e-10
2.086000000000000000e+03 1.136453067830506507e-10
2.085000000000000000e+03 1.178187600624694762e-10
2.084000000000000000e+03 1.193934371827430166e-10
2.083000000000000000e+03 1.222834026280096373e-10
2.082000000000000000e+03 1.227870392133427272e-10
2.081000000000000000e+03 1.206058491839339608e-10
2.080000000000000000e+03 1.194062324948038300e-10
2.079000000000000000e+03 1.164588396130872057e-10
2.078000000000000000e+03 1.114270575903789244e-10
2.077000000000000000e+03 1.078690019109853661e-10
2.076000000000000000e+03 1.035179134929121954e-10
2.075000000000000000e+03 9.762388493440587786e-11
2.074000000000000000e+03 9.366756585647152520e-11
2.073000000000000000e+03 8.962579288012033238e-11
2.072000000000000000e+03 8.442389379062996603e-11
2.071000000000000000e+03 8.115968686569389024e-11
2.070000000000000000e+03 7.796193194183427363e-11
2.069000000000000000e+03 7.374787144194790211e-11
2.068000000000000000e+03 7.152808265924493303e-11
2.067000000000000000e+03 6.947454133102988544e-11
2.066000000000000000e+03 6.652212511010971966e-11
2.065000000000000000e+03 6.491408718582895432e-11
2.064000000000000000e+03 6.378198966037721497e-11
2.063000000000000000e+03 6.208858626961608290e-11
2.062000000000000000e+03 6.140335196789723556e-11
2.061000000000000000e+03 6.121507829390470190e-11
2.060000000000000000e+03 6.025375323010417255e-11
2.059000000000000000e+03 6.052622456498096787e-11
2.058000000000000000e+03 6.129261201295057033e-11
2.057000000000000000e+03 6.129042199186160302e-11
2.056000000000000000e+03 6.254973492083624533e-11
2.055000000000000000e+03 6.427991119938478157e-11
2.054000000000000000e+03 6.545716162402506251e-11
2.053000000000000000e+03 6.823050588128020914e-11
2.052000000000000000e+03 7.118832637422158041e-11
2.051000000000000000e+03 7.400327313058366761e-11
2.050000000000000000e+03 7.836172070780725641e-11
2.049000000000000000e+03 8.379423208134232018e-11
2.048000000000000000e+03 8.872211459291160914e-11
2.047000000000000000e+03 9.624495445990993788e-11
2.046000000000000000e+03 1.048390411277101650e-10
2.045000000000000000e+03 1.136490073658916908e-10
2.044000000000000000e+03 1.265209243159189747e-10
2.043000000000000000e+03 1.412177921457350291e-10
2.042000000000000000e+03 1.571999423595720416e-10
2.041000000000000000e+03 1.800014552494293265e-10
2.040000000000000000e+03 2.065149876827993218e-10
2.039000000000000000e+03 2.369946961137104480e-10
2.038000000000000000e+03 2.802295642882424630e-10
2.037000000000000000e+03 3.318593311113967103e-10
2.036000000000000000e+03 3.948533656223950779e-10
2.035000000000000000e+03 4.847711819999233249e-10
2.034000000000000000e+03 5.958842860053892050e-10
2.033000000000000000e+03 7.395324907732480818e-10
2.032000000000000000e+03 9.478547760258659438e-10
2.031000000000000000e+03 1.213587359599257225e-09
2.030000000000000000e+03 1.570740290204652699e-09
2.029000000000000000e+03 2.082176020515965480e-09
2.028000000000000000e+03 2.711601635781702603e-09
2.027000000000000000e+03 3.488405848225811606e-09
2.026000000000000000e+03 4.393331561706789263e-09
2.025000000000000000e+03 5.143260602048128630e-09
2.024000000000000000e+03 5.658227299820123557e-09
2.023000000000000000e+03 5.860391612553905046e-09
2.022000000000000000e+03 5.626927724729094446e-09
2.021000000000000000e+03 5.257905418242313123e-09
2.020000000000000000e+03 4.857045127520209213e-09
2.019000000000000000e+03 4.401851947828757035e-09
2.018000000000000000e+03 4.081134379584788026e-09
2.017000000000000000e+03 3.839724542186651962e-09
2.016000000000000000e+03 3.618464628876640008e-09
2.015000000000000000e+03 3.528385948841086052e-09
2.014000000000000000e+03 3.487417163463422702e-09
2.013000000000000000e+03 3.466352090206980165e-09
2.012000000000000000e+03 3.562152777504605085e-09
2.011000000000000000e+03 3.679869178497199458e-09
2.010000000000000000e+03 3.817839598083249638e-09
2.009000000000000000e+03 4.061230744971349726e-09
2.008000000000000000e+03 4.268564838570701844e-09
2.007000000000000000e+03 4.456697313879870745e-09
2.006000000000000000e+03 4.651448635485749324e-09
2.005000000000000000e+03 4.660718891050694149e-09
2.004000000000000000e+03 4.544060879930112247e-09
2.003000000000000000e+03 4.315901510881893917e-09
2.002000000000000000e+03 3.888261294839386807e-09
2.001000000000000000e+03 3.438851280207680117e-09
2.000000000000000000e+03 2.988932705471840252e-09
1.999000000000000000e+03 2.527303885846249594e-09
1.998000000000000000e+03 2.160833043484405034e-09
1.997000000000000000e+03 1.845192815804489128e-09
1.996000000000000000e+03 1.567684395764613853e-09
1.995000000000000000e+03 1.366484623067945192e-09
1.994000000000000000e+03 1.192184624343972919e-09
1.993000000000000000e+03 1.045749510573153572e-09
1.992000000000000000e+03 9.422616605347093619e-10
1.991000000000000000e+03 8.460946891324275658e-10
1.990000000000000000e+03 7.695159385590009711e-10
1.989000000000000000e+03 7.145918444725916672e-10
1.988000000000000000e+03 6.606030000156512898e-10
1.987000000000000000e+03 6.199934162548972604e-10
1.986000000000000000e+03 5.915715020140591819e-10
1.985000000000000000e+03 5.586230923796865321e-10
1.984000000000000000e+03 5.413466101415707127e-10
1.983000000000000000e+03 5.265721398860527606e-10
1.982000000000000000e+03 5.085813287324190672e-10
1.981000000000000000e+03 5.065950905794604239e-10
1.980000000000000000e+03 5.009631175621574284e-10
1.979000000000000000e+03 4.964495824358675790e-10
1.978000000000000000e+03 5.036184289445787497e-10
1.977000000000000000e+03 5.049314975791539823e-10
1.976000000000000000e+03 5.117114002408629130e-10
1.975000000000000000e+03 5.295014181627232914e-10
1.974000000000000000e+03 5.408898685574844038e-10
1.973000000000000000e+03 5.642203938390124539e-10
1.972000000000000000e+03 5.906921599738795596e-10
1.971000000000000000e+03 6.178160906218869961e-10
1.970000000000000000e+03 6.617425357294358368e-10
1.969000000000000000e+03 7.076970458170862333e-10
1.968000000000000000e+03 7.637427153394639512e-10
1.967000000000000000e+03 8.411141676082811565e-10
1.966000000000000000e+03 9.212822791521810968e-10
1.965000000000000000e+03 1.029190593904606387e-09
1.964000000000000000e+03 1.167871682126390248e-09
1.963000000000000000e+03 1.321506414172194219e-09
1.962000000000000000e+03 1.536204611698093841e-09
1.961000000000000000e+03 1.794802830817072091e-09
1.960000000000000000e+03 2.102249016834408366e-09
1.959000000000000000e+03 2.506703802870771685e-09
1.958000000000000000e+03 2.983598821880880533e-09
1.957000000000000000e+03 3.518228709531109362e-09
1.956000000000000000e+03 4.116248320377465354e-09
1.955000000000000000e+03 4.634972491489256284e-09
1.954000000000000000e+03 5.054391100050559653e-09
1.953000000000000000e+03 5.261267288249650352e-09
1.952000000000000000e+03 5.184749469189201519e-09
1.951000000000000000e+03 4.974789678955543198e-09
1.950000000000000000e+03 4.582192564586764579e-09
1.949000000000000000e+03 4.167437334966275073e-09
1.948000000000000000e+03 3.812275503506438267e-09
1.947000000000000000e+03 3.416247526447946681e-09
1.946000000000000000e+03 3.129840416478337095e-09
1.945000000000000000e+03 2.857325681678332800e-09
1.944000000000000000e+03 2.627613224686084111e-09
1.943000000000000000e+03 2.484839752841473554e-09
1.942000000000000000e+03 2.336443078377392500e-09
1.941000000000000000e+03 2.224513544491815569e-09
1.940000000000000000e+03 2.156115412254511593e-09
1.939000000000000000e+03 2.078203384097240932e-09
1.938000000000000000e+03 2.046336515939425375e-09
1.937000000000000000e+03 2.027675237270485198e-09
1.936000000000000000e+03 2.007138032344081658e-09
1.935000000000000000e+03 2.031947664241619348e-09
1.934000000000000000e+03 2.049290678481262680e-09
1.933000000000000000e+03 2.086636354977112884e-09
1.932000000000000000e+03 2.159930234390503048e-09
1.931000000000000000e+03 2.217537049795045392e-09
1.930000000000000000e+03 2.324834851287098430e-09
1.929000000000000000e+03 2.442333640020642566e-09
1.928000000000000000e+03 2.566163616767056965e-09
1.927000000000000000e+03 2.736792237866401003e-09
1.926000000000000000e+03 2.916648573748333267e-09
1.925000000000000000e+03 3.141979658600937396e-09
1.924000000000000000e+03 3.376158932864741159e-09
1.923000000000000000e+03 3.621798945390664788e-09
1.922000000000000000e+03 3.899510615374365670e-09
1.921000000000000000e+03 4.168189371397327404e-09
1.920000000000000000e+03 4.400323363514780622e-09
1.919000000000000000e+03 4.656971714094759787e-09
1.918000000000000000e+03 4.787984801533260043e-09
1.917000000000000000e+03 4.916096173737915565e-09
1.916000000000000000e+03 4.956915394127584748e-09
1.915000000000000000e+03 4.907252292262571467e-09
1.914000000000000000e+03 4.846421004247447757e-09
1.913000000000000000e+03 4.670204007298100699e-09
1.912000000000000000e+03 4.506774563859959938e-09
1.911000000000000000e+03 4.322273573187266473e-09
1.910000000000000000e+03 4.097864429524275027e-09
1.909000000000000000e+03 3.932630919164586313e-09
1.908000000000000000e+03 3.729803445913174749e-09
1.907000000000000000e+03 3.558183613092492851e-09
1.906000000000000000e+03 3.415654637524465849e-09
1.905000000000000000e+03 3.249440168265185154e-09
1.904000000000000000e+03 3.141090580706599657e-09
1.903000000000000000e+03 3.017386592132230877e-09
1.902000000000000000e+03 2.910894290897749405e-09
1.901000000000000000e+03 2.836709232385272802e-09
1.900000000000000000e+03 2.739447345775553528e-09
1.899000000000000000e+03 2.685752964313976549e-09
1.898000000000000000e+03 2.624447919812979642e-09
1.897000000000000000e+03 2.569915545627419451e-09
1.896000000000000000e+03 2.548137308761892667e-09
1.895000000000000000e+03 2.505727737813116909e-09
1.894000000000000000e+03 2.502615111038685856e-09
1.893000000000000000e+03 2.499756355081290819e-09
1.892000000000000000e+03 2.505045149331044411e-09
1.891000000000000000e+03 2.549985321298559036e-09
1.890000000000000000e+03 2.583608630111203093e-09
1.889000000000000000e+03 2.663767591769207407e-09
1.888000000000000000e+03 2.758857182268017958e-09
1.887000000000000000e+03 2.871130773341583138e-09
1.886000000000000000e+03 3.040659413438202873e-09
1.885000000000000000e+03 3.208289713070904759e-09
1.884000000000000000e+03 3.439258062101054900e-09
1.883000000000000000e+03 3.693276760908960579e-09
1.882000000000000000e+03 3.966995814884241161e-09
1.881000000000000000e+03 4.305024603004782282e-09
1.880000000000000000e+03 4.620502029575420666e-09
1.879000000000000000e+03 4.992465799707961954e-09
1.878000000000000000e+03 5.351040847911232492e-09
1.877000000000000000e+03 5.686768288042077378e-09
1.876000000000000000e+03 6.047539153532687518e-09
1.875000000000000000e+03 6.312735913392186668e-09
1.874000000000000000e+03 6.592789670858869402e-09
1.873000000000000000e+03 6.786751267628225475e-09
1.872000000000000000e+03 6.918525729536430920e-09
1.871000000000000000e+03 7.036265335573532030e-09
1.870000000000000000e+03 7.035697347698269438e-09
1.869000000000000000e+03 7.059061338183319878e-09
1.868000000000000000e+03 7.008293282329271258e-09
1.867000000000000000e+03 6.955682970575662191e-09
1.866000000000000000e+03 6.941026645891858912e-09
1.865000000000000000e+03 6.902859606448482260e-09
1.864000000000000000e+03 6.984274503936658934e-09
1.863000000000000000e+03 7.089374277446516128e-09
1.862000000000000000e+03 7.318526908327506608e-09
1.861000000000000000e+03 7.671866213751698524e-09
1.860000000000000000e+03 8.096165128086992002e-09
1.859000000000000000e+03 8.710188272845730471e-09
1.858000000000000000e+03 9.350081672547891061e-09
1.857000000000000000e+03 1.012155737880532233e-08
1.856000000000000000e+03 1.090316968114427856e-08
1.855000000000000000e+03 1.161968664458835384e-08
1.854000000000000000e+03 1.230832881699330140e-08
1.853000000000000000e+03 1.270533937132805313e-08
1.852000000000000000e+03 1.296548217141856774e-08
1.851000000000000000e+03 1.293151584719603138e-08
1.850000000000000000e+03 1.287091480141976044e-08
1.849000000000000000e+03 1.333467265516687683e-08
1.848000000000000000e+03 1.530560631069059153e-08
1.847000000000000000e+03 2.108026864075742590e-08
1.846000000000000000e+03 3.364147540964073639e-08
1.845000000000000000e+03 5.752671761519755004e-08
1.844000000000000000e+03 9.662743027894716034e-08
1.843000000000000000e+03 1.522514069115001964e-07
1.842000000000000000e+03 2.237823258913132086e-07
1.841000000000000000e+03 3.036336760854673386e-07
1.840000000000000000e+03 3.911933129300396296e-07
1.839000000000000000e+03 4.805472730152430520e-07
1.838000000000000000e+03 5.757442047380984710e-07
1.837000000000000000e+03 6.808250885561636977e-07
1.836000000000000000e+03 7.958343071779272179e-07
1.835000000000000000e+03 9.351405974812897749e-07
1.834000000000000000e+03 1.091612547220982790e-06
1.833000000000000000e+03 1.284914016407248986e-06
1.832000000000000000e+03 1.511319707597546016e-06
1.831000000000000000e+03 1.783160231894101699e-06
1.830000000000000000e+03 2.115373439948716715e-06
1.829000000000000000e+03 2.499961949246394396e-06
1.828000000000000000e+03 2.976879175678724308e-06
1.827000000000000000e+03 3.521928325090763654e-06
1.826000000000000000e+03 4.181622951453847714e-06
1.825000000000000000e+03 4.940461825303832702e-06
1.824000000000000000e+03 5.807830135557942561e-06
1.823000000000000000e+03 6.815346529194694236e-06
1.822000000000000000e+03 7.902226472986343412e-06
1.821000000000000000e+03 9.148143493802158660e-06
1.820000000000000000e+03 1.044012889045728914e-05
1.819000000000000000e+03 1.186701686370409606e-05
1.818000000000000000e+03 1.334493516383410435e-05
1.817000000000000000e+03 1.488465098793230053e-05
1.816000000000000000e+03 1.652660578522907879e-05
1.815000000000000000e+03 1.816539912411694853e-05
1.814000000000000000e+03 1.999360589842846854e-05
1.813000000000000000e+03 2.182885863364239878e-05
1.812000000000000000e+03 2.392546619996760616e-05
1.811000000000000000e+03 2.617061179082394578e-05
1.810000000000000000e+03 2.871809688991757258e-05
1.809000000000000000e+03 3.168581719619542326e-05
1.808000000000000000e+03 3.504336272952572666e-05
1.807000000000000000e+03 3.919536817150558449e-05
1.806000000000000000e+03 4.398822744313808056e-05
1.805000000000000000e+03 5.004748643788260628e-05
1.804000000000000000e+03 5.730321830884188003e-05
1.803000000000000000e+03 6.645978872843179112e-05
1.802000000000000000e+03 7.791900317266660793e-05
1.801000000000000000e+03 9.227120200748049753e-05
1.800000000000000000e+03 1.107753408625457178e-04
1.799000000000000000e+03 1.338995701783317273e-04
1.798000000000000000e+03 1.638747563949882800e-04
1.797000000000000000e+03 2.009603582497225581e-04
1.796000000000000000e+03 2.476455767932368756e-04
1.795000000000000000e+03 3.031188929118656017e-04
1.794000000000000000e+03 3.671384785523612929e-04
1.793000000000000000e+03 4.360339434382879461e-04
1.792000000000000000e+03 5.030573634498687304e-04
1.791000000000000000e+03 5.632858682280573320e-04
1.790000000000000000e+03 6.076899182875470382e-04
1.789000000000000000e+03 6.372638031046199162e-04
1.788000000000000000e+03 6.489543573084099451e-04
1.787000000000000000e+03 6.495535887859511803e-04
1.786000000000000000e+03 6.403756771207853252e-04
1.785000000000000000e+03 6.267338546127017643e-04
1.784000000000000000e+03 6.102662358470176303e-04
1.783000000000000000e+03 5.920530941590553811e-04
1.782000000000000000e+03 5.739819709805011813e-04
1.781000000000000000e+03 5.539892786369772721e-04
1.780000000000000000e+03 5.343998900671195805e-04
1.779000000000000000e+03 5.126195975361907400e-04
1.778000000000000000e+03 4.904036130520199972e-04
1.777000000000000000e+03 4.661100366352090209e-04
1.776000000000000000e+03 4.408206626258815439e-04
1.775000000000000000e+03 4.142422778562465245e-04
1.774000000000000000e+03 3.867779142968547925e-04
1.773000000000000000e+03 3.589683521756935921e-04
1.772000000000000000e+03 3.309563992342782123e-04
1.771000000000000000e+03 3.036572163526962123e-04
1.770000000000000000e+03 2.769507874360562297e-04
1.769000000000000000e+03 2.516439363426286116e-04
1.768000000000000000e+03 2.275374121793500724e-04
1.767000000000000000e+03 2.052782431138258461e-04
1.766000000000000000e+03 1.845340410924927767e-04
1.765000000000000000e+03 1.656374403262900511e-04
1.764000000000000000e+03 1.484013135860884022e-04
1.763000000000000000e+03 1.328525760007424721e-04
1.762000000000000000e+03 1.188717892390292816e-04
1.761000000000000000e+03 1.063249722507070202e-04
1.760000000000000000e+03 9.516406831718193435e-05
1.759000000000000000e+03 8.522919812854366176e-05
1.758000000000000000e+03 7.640017243388233157e-05
1.757000000000000000e+03 6.860464331636461168e-05
1.756000000000000000e+03 6.168895463069943750e-05
1.755000000000000000e+03 5.560941341671197212e-05
1.754000000000000000e+03 5.020961114173980112e-05
1.753000000000000000e+03 4.547032361788821427e-05
1.752000000000000000e+03 4.125475388147231915e-05
1.751000000000000000e+03 3.753348662379742492e-05
1.750000000000000000e+03 3.423993276318287030e-05
1.749000000000000000e+03 3.129838518508196144e-05
1.748000000000000000e+03 2.869446754503105201e-05
1.747000000000000000e+03 2.635589992730434211e-05
1.746000000000000000e+03 2.428784034944355170e-05
1.745000000000000000e+03 2.240109085972404599e-05
1.744000000000000000e+03 2.074083689864648469e-05
1.743000000000000000e+03 1.921409621260571559e-05
1.742000000000000000e+03 1.787587840812803565e-05
1.741000000000000000e+03 1.663397162245208613e-05
1.740000000000000000e+03 1.554095840713471164e-05
1.739000000000000000e+03 1.453114085993262369e-05
1.738000000000000000e+03 1.364156153389989466e-05
1.737000000000000000e+03 1.281726827000609649e-05
1.736000000000000000e+03 1.209217484042394362e-05
1.735000000000000000e+03 1.142565290871086943e-05
1.734000000000000000e+03 1.083415707479242759e-05
1.733000000000000000e+03 1.029403061569489887e-05
1.732000000000000000e+03 9.806909197124640348e-06
1.731000000000000000e+03 9.373894141152115230e-06
1.730000000000000000e+03 8.975165689356296366e-06
1.729000000000000000e+03 8.627366934145894956e-06
1.728000000000000000e+03 8.298335300271801401e-06
1.727000000000000000e+03 8.021395909593051241e-06
1.726000000000000000e+03 7.750110509536856714e-06
1.725000000000000000e+03 7.532143736087905608e-06
1.724000000000000000e+03 7.309997170240434539e-06
1.723000000000000000e+03 7.141824329461326770e-06
1.722000000000000000e+03 6.964544219742175752e-06
1.721000000000000000e+03 6.840574874326936408e-06
1.720000000000000000e+03 6.707609170352895070e-06
1.719000000000000000e+03 6.624160880077417548e-06
1.718000000000000000e+03 6.532007019425333826e-06
1.717000000000000000e+03 6.491035649647791549e-06
1.716000000000000000e+03 6.442493615505951379e-06
1.715000000000000000e+03 6.443534344748468253e-06
1.714000000000000000e+03 6.439948080488655725e-06
1.713000000000000000e+03 6.484699550031143067e-06
1.712000000000000000e+03 6.531230673224103767e-06
1.711000000000000000e+03 6.623382060225418882e-06
1.710000000000000000e+03 6.722527574656999285e-06
1.709000000000000000e+03 6.869581917096213408e-06
1.708000000000000000e+03 7.029088100023410927e-06
1.707000000000000000e+03 7.238174518920503420e-06
1.706000000000000000e+03 7.469076542957225177e-06
1.705000000000000000e+03 7.757156485002871912e-06
1.704000000000000000e+03 8.076820676533002624e-06
1.703000000000000000e+03 8.464259906172571569e-06
1.702000000000000000e+03 8.902599362753883165e-06
1.701000000000000000e+03 9.422961643584687485e-06
1.700000000000000000e+03 1.002450628123228749e-05
1.699000000000000000e+03 1.073755067458753584e-05
1.698000000000000000e+03 1.157159327471375596e-05
1.697000000000000000e+03 1.256543910070734024e-05
1.696000000000000000e+03 1.375266450830984471e-05
1.695000000000000000e+03 1.518139728519817715e-05
1.694000000000000000e+03 1.692265698221631168e-05
1.693000000000000000e+03 1.905484891160840529e-05
1.692000000000000000e+03 2.171251849299388539e-05
1.691000000000000000e+03 2.504247466946102295e-05
1.690000000000000000e+03 2.931704508065640215e-05
1.689000000000000000e+03 3.485390526721689452e-05
1.688000000000000000e+03 4.219137025187249260e-05
1.687000000000000000e+03 5.208847695206845688e-05
1.686000000000000000e+03 6.573903074671314732e-05
1.685000000000000000e+03 8.491497834629515217e-05
1.684000000000000000e+03 1.121063337250859641e-04
1.683000000000000000e+03 1.502539362814199204e-04
1.682000000000000000e+03 1.997621620475760170e-04
1.681000000000000000e+03 2.521169912936179207e-04
1.680000000000000000e+03 2.817422557040338209e-04
1.679000000000000000e+03 2.676234039117342820e-04
1.678000000000000000e+03 2.207302382208650271e-04
1.677000000000000000e+03 1.698716637444975023e-04
1.676000000000000000e+03 1.281753848896996593e-04
1.675000000000000000e+03 9.856279782672925185e-05
1.674000000000000000e+03 7.810566844245043735e-05
1.673000000000000000e+03 6.548196209560436167e-05
1.672000000000000000e+03 5.398916029914278245e-05
1.671000000000000000e+03 4.351519576810455989e-05
1.670000000000000000e+03 3.589047449113681487e-05
1.669000000000000000e+03 3.067456132939802078e-05
1.668000000000000000e+03 2.652624471688170055e-05
1.667000000000000000e+03 2.352672757533875406e-05
1.666000000000000000e+03 2.094000017683337036e-05
1.665000000000000000e+03 1.905057953071367634e-05
1.664000000000000000e+03 1.733164852892395377e-05
1.663000000000000000e+03 1.608409591303671272e-05
1.662000000000000000e+03 1.489481946171011967e-05
1.661000000000000000e+03 1.405832574041353792e-05
1.660000000000000000e+03 1.322148283121423712e-05
1.659000000000000000e+03 1.266116128820854224e-05
1.658000000000000000e+03 1.208341462978873233e-05
1.657000000000000000e+03 1.171842431008289381e-05
1.656000000000000000e+03 1.133911091347235351e-05
1.655000000000000000e+03 1.112711450441172561e-05
1.654000000000000000e+03 1.091847563430512929e-05
1.653000000000000000e+03 1.082972109492685174e-05
1.652000000000000000e+03 1.077843206894015138e-05
1.651000000000000000e+03 1.080267013897371755e-05
1.650000000000000000e+03 1.090376271890583585e-05
1.649000000000000000e+03 1.103807193430103326e-05
1.648000000000000000e+03 1.130308964717963501e-05
1.647000000000000000e+03 1.156110870667989659e-05
1.646000000000000000e+03 1.200563659546170978e-05
1.645000000000000000e+03 1.241424378748766249e-05
1.644000000000000000e+03 1.307632008217285175e-05
1.643000000000000000e+03 1.368431359370520074e-05
1.642000000000000000e+03 1.461842307640586848e-05
1.641000000000000000e+03 1.551225401754104745e-05
1.640000000000000000e+03 1.680609403424566589e-05
1.639000000000000000e+03 1.813635840141584901e-05
1.638000000000000000e+03 1.993483919030957126e-05
1.637000000000000000e+03 2.193626411898367716e-05
1.636000000000000000e+03 2.448796895045702110e-05
1.635000000000000000e+03 2.755757950882360910e-05
1.634000000000000000e+03 3.128323418774674191e-05
1.633000000000000000e+03 3.605704824309583531e-05
1.632000000000000000e+03 4.166186580955752553e-05
1.631000000000000000e+03 4.914026166722081665e-05
1.630000000000000000e+03 5.763048628618538027e-05
1.629000000000000000e+03 6.895239685935779478e-05
1.628000000000000000e+03 8.104243846651319326e-05
1.627000000000000000e+03 9.575140590769609824e-05
1.626000000000000000e+03 1.088735520551247849e-04
1.625000000000000000e+03 1.206084554252869276e-04
1.624000000000000000e+03 1.259469591437704732e-04
1.623000000000000000e+03 1.249813964702107215e-04
1.622000000000000000e+03 1.180356948392971604e-04
1.621000000000000000e+03 1.063314613139389620e-04
1.620000000000000000e+03 9.379924210329601650e-05
1.619000000000000000e+03 8.015612137938429589e-05
1.618000000000000000e+03 6.940389227246034423e-05
1.617000000000000000e+03 5.928142125803317349e-05
1.616000000000000000e+03 5.199489738290187160e-05
1.615000000000000000e+03 4.539076991861509960e-05
1.614000000000000000e+03 4.055917531086811304e-05
1.613000000000000000e+03 3.642401742397234887e-05
1.612000000000000000e+03 3.310325715030173528e-05
1.611000000000000000e+03 3.059006099130427546e-05
1.610000000000000000e+03 2.824655234825067796e-05
1.609000000000000000e+03 2.677391841301142583e-05
1.608000000000000000e+03 2.513983414831552575e-05
1.607000000000000000e+03 2.429468937885701004e-05
1.606000000000000000e+03 2.326426366443092852e-05
1.605000000000000000e+03 2.277833990413998829e-05
1.604000000000000000e+03 2.229818308726253995e-05
1.603000000000000000e+03 2.201547600516060978e-05
1.602000000000000000e+03 2.203314605029708069e-05
1.601000000000000000e+03 2.191977092689380649e-05
1.600000000000000000e+03 2.235375541962377404e-05
1.599000000000000000e+03 2.247337714764067969e-05
1.598000000000000000e+03 2.319175705984167441e-05
1.597000000000000000e+03 2.368673698239731292e-05
1.596000000000000000e+03 2.457611329214779496e-05
1.595000000000000000e+03 2.557064792954589000e-05
1.594000000000000000e+03 2.656977615425573685e-05
1.593000000000000000e+03 2.810275701387583664e-05
1.592000000000000000e+03 2.925485628524693358e-05
1.591000000000000000e+03 3.119921405551751009e-05
1.590000000000000000e+03 3.264872505537261022e-05
1.589000000000000000e+03 3.468810251755672394e-05
1.588000000000000000e+03 3.654304882106549572e-05
1.587000000000000000e+03 3.828365750979843086e-05
1.586000000000000000e+03 4.036410661010683242e-05
1.585000000000000000e+03 4.151223929854109781e-05
1.584000000000000000e+03 4.328975221220603484e-05
1.583000000000000000e+03 4.379263970119006035e-05
1.582000000000000000e+03 4.455745970317050934e-05
1.581000000000000000e+03 4.456298759772960017e-05
1.580000000000000000e+03 4.396037126774628194e-05
1.579000000000000000e+03 4.357001090034244838e-05
1.578000000000000000e+03 4.194955808051093642e-05
1.577000000000000000e+03 4.107720221386858804e-05
1.576000000000000000e+03 3.924080818680682203e-05
1.575000000000000000e+03 3.781603135651712626e-05
1.574000000000000000e+03 3.635694389989031896e-05
1.573000000000000000e+03 3.458053703991783700e-05
1.572000000000000000e+03 3.360048926314760493e-05
1.571000000000000000e+03 3.192752456283392642e-05
1.570000000000000000e+03 3.113420669000659872e-05
1.569000000000000000e+03 3.003673844041346687e-05
1.568000000000000000e+03 2.917034115105619972e-05
1.567000000000000000e+03 2.877551102935008392e-05
1.566000000000000000e+03 2.794114619462643136e-05
1.565000000000000000e+03 2.798933650832729917e-05
1.564000000000000000e+03 2.755961305739982304e-05
1.563000000000000000e+03 2.764929809451620961e-05
1.562000000000000000e+03 2.792683705769367686e-05
1.561000000000000000e+03 2.796063082908395656e-05
1.560000000000000000e+03 2.885865561612357901e-05
1.559000000000000000e+03 2.917376253538670467e-05
1.558000000000000000e+03 3.026469245593462669e-05
1.557000000000000000e+03 3.134974309839834027e-05
1.556000000000000000e+03 3.233747627879792760e-05
1.555000000000000000e+03 3.426389754023941709e-05
1.554000000000000000e+03 3.539795730250948699e-05
1.553000000000000000e+03 3.755288337162171030e-05
1.552000000000000000e+03 3.940789361834448704e-05
1.551000000000000000e+03 4.108201639206292949e-05
1.550000000000000000e+03 4.364004168460070622e-05
1.549000000000000000e+03 4.483320445412480935e-05
1.548000000000000000e+03 4.701223076090133035e-05
1.547000000000000000e+03 4.828515440025563831e-05
1.546000000000000000e+03 4.884383974001236877e-05
1.545000000000000000e+03 4.997414893565785998e-05
1.544000000000000000e+03 4.902111843900196371e-05
1.543000000000000000e+03 4.876376317850916568e-05
1.542000000000000000e+03 4.745042214940329222e-05
1.541000000000000000e+03 4.528067335664430780e-05
1.540000000000000000e+03 4.395712617929090570e-05
1.539000000000000000e+03 4.113593830714115088e-05
1.538000000000000000e+03 3.920781400067114745e-05
1.537000000000000000e+03 3.715499378211653195e-05
1.536000000000000000e+03 3.462546960374602076e-05
1.535000000000000000e+03 3.330310073362586387e-05
1.534000000000000000e+03 3.120171520451527585e-05
1.533000000000000000e+03 2.977236729848043405e-05
1.532000000000000000e+03 2.875274827219535692e-05
1.531000000000000000e+03 2.720451820185031564e-05
1.530000000000000000e+03 2.672015968306631163e-05
1.529000000000000000e+03 2.584099106981671182e-05
1.528000000000000000e+03 2.515569045887431195e-05
1.527000000000000000e+03 2.517026977394079415e-05
1.526000000000000000e+03 2.455369748055841349e-05
1.525000000000000000e+03 2.474963878693781460e-05
1.524000000000000000e+03 2.494696114148875976e-05
1.523000000000000000e+03 2.488237168747453696e-05
1.522000000000000000e+03 2.578685155795264514e-05
1.521000000000000000e+03 2.610712879415158876e-05
1.520000000000000000e+03 2.685504832090932916e-05
1.519000000000000000e+03 2.817963495575442705e-05
1.518000000000000000e+03 2.875194416968178569e-05
1.517000000000000000e+03 3.034687005727713059e-05
1.516000000000000000e+03 3.178471031191938288e-05
1.515000000000000000e+03 3.283651458611046661e-05
1.514000000000000000e+03 3.514515300878998783e-05
1.513000000000000000e+03 3.650206604261755917e-05
1.512000000000000000e+03 3.814621913230291708e-05
1.511000000000000000e+03 4.048120696073317253e-05
1.510000000000000000e+03 4.108939479566015192e-05
1.509000000000000000e+03 4.242219169623090511e-05
1.508000000000000000e+03 4.304839019735287489e-05
1.507000000000000000e+03 4.177581076365694104e-05
1.506000000000000000e+03 4.133721011483476582e-05
1.505000000000000000e+03 3.924637136796886426e-05
1.504000000000000000e+03 3.632691715183121071e-05
1.503000000000000000e+03 3.438247130702403804e-05
1.502000000000000000e+03 3.103361929606875130e-05
1.501000000000000000e+03 2.817535146457196806e-05
1.500000000000000000e+03 2.609986612051888444e-05
1.499000000000000000e+03 2.320222597120879854e-05
1.498000000000000000e+03 2.128658726401828745e-05
1.497000000000000000e+03 1.972575702380357311e-05
1.496000000000000000e+03 1.772433183444881304e-05
1.495000000000000000e+03 1.668425177385899553e-05
1.494000000000000000e+03 1.564060702720790423e-05
1.493000000000000000e+03 1.439616832573763324e-05
1.492000000000000000e+03 1.394754926031794339e-05
1.491000000000000000e+03 1.328357001573190797e-05
1.490000000000000000e+03 1.258934749034371581e-05
1.489000000000000000e+03 1.252619303358172365e-05
1.488000000000000000e+03 1.214839122751912877e-05
1.487000000000000000e+03 1.185999528881232218e-05
1.486000000000000000e+03 1.209163482547447059e-05
1.485000000000000000e+03 1.196255534769992656e-05
1.484000000000000000e+03 1.203018023652463221e-05
1.483000000000000000e+03 1.255470819994666439e-05
1.482000000000000000e+03 1.270745931555998428e-05
1.481000000000000000e+03 1.317010240319483520e-05
1.480000000000000000e+03 1.409831253086068427e-05
1.479000000000000000e+03 1.467068378917915208e-05
1.478000000000000000e+03 1.571091830667835303e-05
1.477000000000000000e+03 1.735058047780992842e-05
1.476000000000000000e+03 1.870436314156942640e-05
1.475000000000000000e+03 2.082779720064415065e-05
1.474000000000000000e+03 2.390675362101938410e-05
1.473000000000000000e+03 2.691962105388167635e-05
1.472000000000000000e+03 3.126430801337614106e-05
1.471000000000000000e+03 3.733496434981021682e-05
1.470000000000000000e+03 4.388680336585624688e-05
1.469000000000000000e+03 5.307838397753698384e-05
1.468000000000000000e+03 6.605930550387371675e-05
1.467000000000000000e+03 8.156045210720028128e-05
1.466000000000000000e+03 1.027931106325687832e-04
1.465000000000000000e+03 1.319333713735265071e-04
1.464000000000000000e+03 1.667491648442271073e-04
1.463000000000000000e+03 2.103329636493875862e-04
1.462000000000000000e+03 2.641293788729670079e-04
1.461000000000000000e+03 3.221906018473629386e-04
1.460000000000000000e+03 3.840639854434510958e-04
1.459000000000000000e+03 4.498659584876575461e-04
1.458000000000000000e+03 5.117397192095925846e-04
1.457000000000000000e+03 5.698008579338751734e-04
1.456000000000000000e+03 6.273289550623796810e-04
1.455000000000000000e+03 6.809182408081956243e-04
1.454000000000000000e+03 7.318747831495358690e-04
1.453000000000000000e+03 7.854227932178386648e-04
1.452000000000000000e+03 8.407508389923990183e-04
1.451000000000000000e+03 8.984291544224570943e-04
1.450000000000000000e+03 9.628919948823858998e-04
1.449000000000000000e+03 1.035518389039331594e-03
1.448000000000000000e+03 1.115371341250737287e-03
1.447000000000000000e+03 1.205543932153098092e-03
1.446000000000000000e+03 1.307309801420284074e-03
1.445000000000000000e+03 1.421138547132534550e-03
1.444000000000000000e+03 1.553207108115858739e-03
1.443000000000000000e+03 1.711416439064403217e-03
1.442000000000000000e+03 1.900739793874490048e-03
1.441000000000000000e+03 2.128477994585099755e-03
1.440000000000000000e+03 2.405058485263321128e-03
1.439000000000000000e+03 2.739642443175930014e-03
1.438000000000000000e+03 3.139184566099090506e-03
1.437000000000000000e+03 3.615849553359089859e-03
1.436000000000000000e+03 4.171282850600655998e-03
1.435000000000000000e+03 4.786773428241084330e-03
1.434000000000000000e+03 5.427636430427878675e-03
1.433000000000000000e+03 6.023973998639338065e-03
1.432000000000000000e+03 6.471885926960946507e-03
1.431000000000000000e+03 6.668859515337621606e-03
1.430000000000000000e+03 6.577975732584537098e-03
1.429000000000000000e+03 6.229337872101088115e-03
1.428000000000000000e+03 5.704908231912145591e-03
1.427000000000000000e+03 5.112761229239926909e-03
1.426000000000000000e+03 4.532322438442907067e-03
1.425000000000000000e+03 4.003324024874293542e-03
1.424000000000000000e+03 3.543602277237369643e-03
1.423000000000000000e+03 3.158676303033196645e-03
1.422000000000000000e+03 2.840242280254585364e-03
1.421000000000000000e+03 2.578023150779017343e-03
1.420000000000000000e+03 2.366357962409296710e-03
1.419000000000000000e+03 2.197109506335165243e-03
1.418000000000000000e+03 2.062308769860650166e-03
1.417000000000000000e+03 1.957032491062262510e-03
1.416000000000000000e+03 1.879613325119890675e-03
1.415000000000000000e+03 1.826449775945376917e-03
1.414000000000000000e+03 1.793997783750245125e-03
1.413000000000000000e+03 1.783092042051105230e-03
1.412000000000000000e+03 1.793851374913398022e-03
1.411000000000000000e+03 1.825638697815382605e-03
1.410000000000000000e+03 1.879096069864652279e-03
1.409000000000000000e+03 1.958901892602989657e-03
1.408000000000000000e+03 2.068048345008514661e-03
1.407000000000000000e+03 2.209447747741691715e-03
1.406000000000000000e+03 2.389084591799860505e-03
1.405000000000000000e+03 2.618561982195941919e-03
1.404000000000000000e+03 2.908630058512490582e-03
1.403000000000000000e+03 3.269633987643815343e-03
1.402000000000000000e+03 3.720513884104098903e-03
1.401000000000000000e+03 4.284237814800609563e-03
1.400000000000000000e+03 4.977985838710759572e-03
1.399000000000000000e+03 5.810701904595399168e-03
1.398000000000000000e+03 6.776458767679856277e-03
1.397000000000000000e+03 7.823428991128283938e-03
1.396000000000000000e+03 8.827466148732964271e-03
1.395000000000000000e+03 9.600385937703308573e-03
1.394000000000000000e+03 9.972967133735660683e-03
1.393000000000000000e+03 9.866428991828171680e-03
1.392000000000000000e+03 9.338850115470241978e-03
1.391000000000000000e+03 8.552915007099752553e-03
1.390000000000000000e+03 7.681897400991024270e-03
1.389000000000000000e+03 6.846950904693244015e-03
1.388000000000000000e+03 6.099898760975574520e-03
1.387000000000000000e+03 5.463051492954117648e-03
1.386000000000000000e+03 4.933987516324337373e-03
1.385000000000000000e+03 4.505040334693791865e-03
1.384000000000000000e+03 4.158124705156644903e-03
1.383000000000000000e+03 3.880636623134214609e-03
1.382000000000000000e+03 3.662400468895099515e-03
1.381000000000000000e+03 3.495454115144307986e-03
1.380000000000000000e+03 3.372417707692937187e-03
1.379000000000000000e+03 3.286009343635225202e-03
1.378000000000000000e+03 3.233551400868088597e-03
1.377000000000000000e+03 3.212852339226729588e-03
1.376000000000000000e+03 3.221156717114575380e-03
1.375000000000000000e+03 3.257626390245794892e-03
1.374000000000000000e+03 3.322053543051247358e-03
1.373000000000000000e+03 3.415760958613567322e-03
1.372000000000000000e+03 3.540669563055943211e-03
1.371000000000000000e+03 3.698849027201909709e-03
1.370000000000000000e+03 3.896113869151005601e-03
1.369000000000000000e+03 4.136602091016941887e-03
1.368000000000000000e+03 4.429593201166638801e-03
1.367000000000000000e+03 4.786119014157735017e-03
1.366000000000000000e+03 5.218391819283652380e-03
1.365000000000000000e+03 5.746052401867882478e-03
1.364000000000000000e+03 6.395836627998508460e-03
1.363000000000000000e+03 7.201317574996072071e-03
1.362000000000000000e+03 8.210169409518403363e-03
1.361000000000000000e+03 9.483308745217184157e-03
1.360000000000000000e+03 1.108001004424583567e-02
1.359000000000000000e+03 1.302158198520927783e-02
1.358000000000000000e+03 1.522300092298978051e-02
1.357000000000000000e+03 1.753881411499685558e-02
1.356000000000000000e+03 1.991840431242626955e-02
1.355000000000000000e+03 2.250101092631735800e-02
1.354000000000000000e+03 2.547418025521473728e-02
1.353000000000000000e+03 2.897780567576279526e-02
1.352000000000000000e+03 3.307794328323392791e-02
1.351000000000000000e+03 3.777527948355361570e-02
1.350000000000000000e+03 4.305631942340822776e-02
1.349000000000000000e+03 4.882574623340388276e-02
1.348000000000000000e+03 5.498228707075494132e-02
1.347000000000000000e+03 6.136607853479952857e-02
1.346000000000000000e+03 6.786156757759630176e-02
1.345000000000000000e+03 7.437972240906549903e-02
1.344000000000000000e+03 8.085287210977680494e-02
1.343000000000000000e+03 8.730825501596434224e-02
1.342000000000000000e+03 9.385602993708683228e-02
1.341000000000000000e+03 1.005897757535465786e-01
1.340000000000000000e+03 1.077172867522379618e-01
1.339000000000000000e+03 1.153937901907653996e-01
1.338000000000000000e+03 1.237790109489325663e-01
1.337000000000000000e+03 1.330702423025119652e-01
1.336000000000000000e+03 1.433686539905253132e-01
1.335000000000000000e+03 1.546641992936536314e-01
1.334000000000000000e+03 1.669395358228634163e-01
1.333000000000000000e+03 1.799211048548952085e-01
1.332000000000000000e+03 1.931746689134427319e-01
1.331000000000000000e+03 2.060062488529433300e-01
1.330000000000000000e+03 2.175316424251131364e-01
1.329000000000000000e+03 2.268087192774560779e-01
1.328000000000000000e+03 2.331506818015884053e-01
1.327000000000000000e+03 2.360984431496750691e-01
1.326000000000000000e+03 2.355672868184285618e-01
1.325000000000000000e+03 2.319614335317842502e-01
1.324000000000000000e+03 2.257922340634130609e-01
1.323000000000000000e+03 2.175097759842120060e-01
1.322000000000000000e+03 2.072153085344470291e-01
1.321000000000000000e+03 1.947606258676110869e-01
1.320000000000000000e+03 1.798267646676089682e-01
1.319000000000000000e+03 1.622577342524697819e-01
1.318000000000000000e+03 1.423476800538843734e-01
1.317000000000000000e+03 1.211775968717595658e-01
1.316000000000000000e+03 1.002384977822179946e-01
1.315000000000000000e+03 8.111976699098340238e-02
1.314000000000000000e+03 6.500989642089974319e-02
1.313000000000000000e+03 5.234370597414806509e-02
1.312000000000000000e+03 4.291441062085023239e-02
1.311000000000000000e+03 3.606761388732558637e-02
1.310000000000000000e+03 3.106476783964981503e-02
1.309000000000000000e+03 2.723697537849875672e-02
1.308000000000000000e+03 2.415677820654692914e-02
1.307000000000000000e+03 2.158188418684962168e-02
1.306000000000000000e+03 1.943121915626835547e-02
1.305000000000000000e+03 1.773416935047933407e-02
1.304000000000000000e+03 1.653246340444292778e-02
1.303000000000000000e+03 1.588326170585934935e-02
1.302000000000000000e+03 1.579074953578697357e-02
1.301000000000000000e+03 1.622014248555133167e-02
1.300000000000000000e+03 1.707873319674500789e-02
1.299000000000000000e+03 1.823191997578530940e-02
1.298000000000000000e+03 1.952419987529159170e-02
1.297000000000000000e+03 2.078978885935594406e-02
1.296000000000000000e+03 2.189011051398103216e-02
1.295000000000000000e+03 2.270060116219511231e-02
1.294000000000000000e+03 2.314588352962845125e-02
1.293000000000000000e+03 2.319548956964105277e-02
1.292000000000000000e+03 2.285352265113744369e-02
1.291000000000000000e+03 2.217654612597654007e-02
1.290000000000000000e+03 2.125517118205683120e-02
1.289000000000000000e+03 2.018694988160860473e-02
1.288000000000000000e+03 1.909937732746374434e-02
1.287000000000000000e+03 1.810215206647214012e-02
1.286000000000000000e+03 1.730179409245664879e-02
1.285000000000000000e+03 1.676720252806100306e-02
1.284000000000000000e+03 1.653502626036853704e-02
1.283000000000000000e+03 1.659871790057644222e-02
1.282000000000000000e+03 1.692186669033871049e-02
1.281000000000000000e+03 1.743517061498939258e-02
1.280000000000000000e+03 1.805875689096700029e-02
1.279000000000000000e+03 1.869943145006970620e-02
1.278000000000000000e+03 1.926812075764585547e-02
1.277000000000000000e+03 1.969607810924691241e-02
1.276000000000000000e+03 1.992760129105041952e-02
1.275000000000000000e+03 1.994280837753783023e-02
1.274000000000000000e+03 1.973523042769226646e-02
1.273000000000000000e+03 1.932988015617328678e-02
1.272000000000000000e+03 1.878253643094104225e-02
1.271000000000000000e+03 1.815172550606190816e-02
1.270000000000000000e+03 1.751266701591151775e-02
1.269000000000000000e+03 1.693915919453093874e-02
1.268000000000000000e+03 1.649871759737360152e-02
1.267000000000000000e+03 1.623687089760272526e-02
1.266000000000000000e+03 1.618014372624784064e-02
1.265000000000000000e+03 1.633372800671127265e-02
1.264000000000000000e+03 1.667175191448289420e-02
1.263000000000000000e+03 1.714427358895077858e-02
1.262000000000000000e+03 1.769521076424452125e-02
1.261000000000000000e+03 1.825768962989549743e-02
1.260000000000000000e+03 1.875749222117981119e-02
1.259000000000000000e+03 1.913735577342477387e-02
1.258000000000000000e+03 1.934428805487755504e-02
1.257000000000000000e+03 1.935881027376952848e-02
1.256000000000000000e+03 1.917911734108168967e-02
1.255000000000000000e+03 1.882058444223392094e-02
1.254000000000000000e+03 1.832680276715993248e-02
1.253000000000000000e+03 1.775545936213597173e-02
1.252000000000000000e+03 1.717225749555057607e-02
1.251000000000000000e+03 1.663648461927345543e-02
1.250000000000000000e+03 1.621704940418456850e-02
1.249000000000000000e+03 1.594892678793669027e-02
1.248000000000000000e+03 1.586988666004981313e-02
1.247000000000000000e+03 1.598367006488274691e-02
1.246000000000000000e+03 1.627719790601514158e-02
1.245000000000000000e+03 1.672204760499711521e-02
1.244000000000000000e+03 1.727027400674709112e-02
1.243000000000000000e+03 1.787109853751769201e-02
1.242000000000000000e+03 1.846601309092122528e-02
1.241000000000000000e+03 1.899851923739487997e-02
1.240000000000000000e+03 1.942908935135751608e-02
1.239000000000000000e+03 1.972270892019862068e-02
1.238000000000000000e+03 1.986769789331527952e-02
1.237000000000000000e+03 1.985181253693587763e-02
1.236000000000000000e+03 1.969256615210713060e-02
1.235000000000000000e+03 1.940820579944069549e-02
1.234000000000000000e+03 1.904088326964930092e-02
1.233000000000000000e+03 1.862222661645943425e-02
1.232000000000000000e+03 1.819856796108362471e-02
1.231000000000000000e+03 1.780820129456644682e-02
1.230000000000000000e+03 1.749382360389028016e-02
1.229000000000000000e+03 1.726979611300124770e-02
1.228000000000000000e+03 1.716178123166805375e-02
1.227000000000000000e+03 1.716165894625052910e-02
1.226000000000000000e+03 1.726174985633045778e-02
1.225000000000000000e+03 1.743770851094837357e-02
1.224000000000000000e+03 1.766347763915775831e-02
1.223000000000000000e+03 1.790361469793234211e-02
1.222000000000000000e+03 1.812487800350118250e-02
1.221000000000000000e+03 1.829966915246844864e-02
1.220000000000000000e+03 1.840891923391659024e-02
1.219000000000000000e+03 1.844395622234889717e-02
1.218000000000000000e+03 1.841021400887132842e-02
1.217000000000000000e+03 1.832300843158362821e-02
1.216000000000000000e+03 1.820328499244045287e-02
1.215000000000000000e+03 1.808363285846508947e-02
1.214000000000000000e+03 1.799065029922573139e-02
1.213000000000000000e+03 1.794240593493569638e-02
1.212000000000000000e+03 1.795393107681743025e-02
1.211000000000000000e+03 1.802753487817638361e-02
1.210000000000000000e+03 1.815681502739785111e-02
1.209000000000000000e+03 1.831603722887747282e-02
1.208000000000000000e+03 1.848934891355285062e-02
1.207000000000000000e+03 1.864106987601963847e-02
1.206000000000000000e+03 1.875675926001727292e-02
1.205000000000000000e+03 1.881251602930323480e-02
1.204000000000000000e+03 1.880295253386746190e-02
1.203000000000000000e+03 1.871848358770625623e-02
1.202000000000000000e+03 1.857632205813981863e-02
1.201000000000000000e+03 1.838701921779648321e-02
1.200000000000000000e+03 1.818285873477762382e-02
1.199000000000000000e+03 1.799050986385833037e-02
1.198000000000000000e+03 1.784055124276840917e-02
1.197000000000000000e+03 1.775780500295461375e-02
1.196000000000000000e+03 1.776522888114426962e-02
1.195000000000000000e+03 1.787812386816857099e-02
1.194000000000000000e+03 1.809359443763646283e-02
1.193000000000000000e+03 1.839700658206763415e-02
1.192000000000000000e+03 1.877293473412692051e-02
1.191000000000000000e+03 1.918347719732051843e-02
1.190000000000000000e+03 1.959409434735085928e-02
1.189000000000000000e+03 1.996662604204053545e-02
1.188000000000000000e+03 2.026633102975796893e-02
1.187000000000000000e+03 2.045274860955888924e-02
1.186000000000000000e+03 2.050086036047000029e-02
1.185000000000000000e+03 2.040278845547054479e-02
1.184000000000000000e+03 2.015111691711826691e-02
1.183000000000000000e+03 1.976135211754512233e-02
1.182000000000000000e+03 1.926270052869719779e-02
1.181000000000000000e+03 1.870299658310737093e-02
1.180000000000000000e+03 1.813562606521232703e-02
1.179000000000000000e+03 1.762171498781224185e-02
1.178000000000000000e+03 1.720551644866628177e-02
1.177000000000000000e+03 1.692511085259277431e-02
1.176000000000000000e+03 1.680888728966158097e-02
1.175000000000000000e+03 1.685375396037356102e-02
1.174000000000000000e+03 1.704853855535417087e-02
1.173000000000000000e+03 1.736372837021803867e-02
1.172000000000000000e+03 1.775026227903462456e-02
1.171000000000000000e+03 1.816875751412933004e-02
1.170000000000000000e+03 1.856598407875813608e-02
1.169000000000000000e+03 1.889882096880817625e-02
1.168000000000000000e+03 1.914658744820918121e-02
1.167000000000000000e+03 1.929718538446571069e-02
1.166000000000000000e+03 1.934158776035429725e-02
1.165000000000000000e+03 1.928675510787627653e-02
1.164000000000000000e+03 1.914572830850134327e-02
1.163000000000000000e+03 1.893089464809124753e-02
1.162000000000000000e+03 1.866453376603469799e-02
1.161000000000000000e+03 1.837923807322222949e-02
1.160000000000000000e+03 1.808456991310652268e-02
1.159000000000000000e+03 1.781529833235145563e-02
1.158000000000000000e+03 1.758364834904179927e-02
1.157000000000000000e+03 1.739422387268967085e-02
1.156000000000000000e+03 1.725556774766798598e-02
1.155000000000000000e+03 1.715449447633199051e-02
1.154000000000000000e+03 1.709150026414928136e-02
1.153000000000000000e+03 1.704778222424594564e-02
1.152000000000000000e+03 1.701584720069810111e-02
1.151000000000000000e+03 1.698185020764890127e-02
1.150000000000000000e+03 1.694973249461338705e-02
1.149000000000000000e+03 1.691682696116031046e-02
1.148000000000000000e+03 1.690308048539023930e-02
1.147000000000000000e+03 1.691388888718257932e-02
1.146000000000000000e+03 1.697559100520206615e-02
1.145000000000000000e+03 1.709432020538131924e-02
1.144000000000000000e+03 1.727645240775681906e-02
1.143000000000000000e+03 1.751661953015096543e-02
1.142000000000000000e+03 1.779652423909188624e-02
1.141000000000000000e+03 1.809015577556083096e-02
1.140000000000000000e+03 1.835711224608582715e-02
1.139000000000000000e+03 1.855915254370256104e-02
1.138000000000000000e+03 1.865866520562850517e-02
1.137000000000000000e+03 1.861606603715209099e-02
1.136000000000000000e+03 1.842479577725397027e-02
1.135000000000000000e+03 1.808420548832926841e-02
1.134000000000000000e+03 1.761396359376602230e-02
1.133000000000000000e+03 1.704572863517496428e-02
1.132000000000000000e+03 1.643621803826561881e-02
1.131000000000000000e+03 1.583530907992654335e-02
1.130000000000000000e+03 1.530096319117058012e-02
1.129000000000000000e+03 1.488823114120339623e-02
1.128000000000000000e+03 1.464088697743676400e-02
1.127000000000000000e+03 1.458365077362929613e-02
1.126000000000000000e+03 1.472338600342322848e-02
1.125000000000000000e+03 1.504464218338402194e-02
1.124000000000000000e+03 1.551460516684000611e-02
1.123000000000000000e+03 1.607737125544497075e-02
1.122000000000000000e+03 1.667416007808732517e-02
1.121000000000000000e+03 1.723740005608280848e-02
1.120000000000000000e+03 1.770465863914817695e-02
1.119000000000000000e+03 1.802613722714723268e-02
1.118000000000000000e+03 1.817817000863653290e-02
1.117000000000000000e+03 1.814552957076618483e-02
1.116000000000000000e+03 1.795106892167502161e-02
1.115000000000000000e+03 1.763251208435827680e-02
1.114000000000000000e+03 1.724186068112797121e-02
1.113000000000000000e+03 1.684271356425000657e-02
1.112000000000000000e+03 1.649153184120846424e-02
1.111000000000000000e+03 1.623898161454441144e-02
1.110000000000000000e+03 1.611520307141441760e-02
1.109000000000000000e+03 1.613663862126226908e-02
1.108000000000000000e+03 1.629507334570093335e-02
1.107000000000000000e+03 1.656561992416774598e-02
1.106000000000000000e+03 1.690663283634305167e-02
1.105000000000000000e+03 1.727812015822665498e-02
1.104000000000000000e+03 1.763534833099994134e-02
1.103000000000000000e+03 1.794380551592224954e-02
1.102000000000000000e+03 1.817752425587145990e-02
1.101000000000000000e+03 1.833050965540294550e-02
1.100000000000000000e+03 1.839640844528242156e-02
1.099000000000000000e+03 1.838760986277101703e-02
1.098000000000000000e+03 1.833247156744032338e-02
1.097000000000000000e+03 1.825261576160242677e-02
1.096000000000000000e+03 1.818208751129285136e-02
1.095000000000000000e+03 1.814862514870834928e-02
1.094000000000000000e+03 1.817689434435357937e-02
1.093000000000000000e+03 1.826861917427451132e-02
1.092000000000000000e+03 1.841098488461285348e-02
1.091000000000000000e+03 1.858763414719459203e-02
1.090000000000000000e+03 1.876249894858091766e-02
1.089000000000000000e+03 1.889891470494867165e-02
1.088000000000000000e+03 1.896163747566700572e-02
1.087000000000000000e+03 1.893641179880657319e-02
1.086000000000000000e+03 1.882557434443405883e-02
1.085000000000000000e+03 1.865633810649504343e-02
1.084000000000000000e+03 1.846644506467143981e-02
1.083000000000000000e+03 1.830234817903914762e-02
1.082000000000000000e+03 1.821201618923570797e-02
1.081000000000000000e+03 1.823318061135466295e-02
1.080000000000000000e+03 1.838127073565361605e-02
1.079000000000000000e+03 1.864769625340041009e-02
1.078000000000000000e+03 1.901305936843576336e-02
1.077000000000000000e+03 1.942233632360072793e-02
1.076000000000000000e+03 1.982969185537886148e-02
1.075000000000000000e+03 2.016804920089721592e-02
1.074000000000000000e+03 2.038635304268518120e-02
1.073000000000000000e+03 2.043753049992070095e-02
1.072000000000000000e+03 2.030543619830670055e-02
1.071000000000000000e+03 1.998188730607791674e-02
1.070000000000000000e+03 1.948029621624839183e-02
1.069000000000000000e+03 1.885129487896796546e-02
1.068000000000000000e+03 1.816078566946413564e-02
1.067000000000000000e+03 1.749927711374614156e-02
1.066000000000000000e+03 1.695757466116750573e-02
1.065000000000000000e+03 1.660477174265959088e-02
1.064000000000000000e+03 1.649151205305185094e-02
1.063000000000000000e+03 1.662456520854901573e-02
1.062000000000000000e+03 1.697037388741477748e-02
1.061000000000000000e+03 1.746020027788802026e-02
1.060000000000000000e+03 1.800301232487896974e-02
1.059000000000000000e+03 1.849530408603252546e-02
1.058000000000000000e+03 1.884885440511680291e-02
1.057000000000000000e+03 1.899206072805614473e-02
1.056000000000000000e+03 1.890696424356769559e-02
1.055000000000000000e+03 1.859964811583706898e-02
1.054000000000000000e+03 1.811737597917626244e-02
1.053000000000000000e+03 1.752126094258695324e-02
1.052000000000000000e+03 1.690641494976313428e-02
1.051000000000000000e+03 1.635149059419834655e-02
1.050000000000000000e+03 1.594576361155670974e-02
1.049000000000000000e+03 1.574579549979786622e-02
1.048000000000000000e+03 1.578028124431414547e-02
1.047000000000000000e+03 1.604305495021642394e-02
1.046000000000000000e+03 1.650389485656418923e-02
1.045000000000000000e+03 1.708910309121305579e-02
1.044000000000000000e+03 1.771810636020979685e-02
1.043000000000000000e+03 1.830071185861972816e-02
1.042000000000000000e+03 1.876497512243447893e-02
1.041000000000000000e+03 1.905040681098428904e-02
1.040000000000000000e+03 1.914215290638276307e-02
1.039000000000000000e+03 1.905070980399863750e-02
1.038000000000000000e+03 1.882800785127749371e-02
1.037000000000000000e+03 1.853521012001794338e-02
1.036000000000000000e+03 1.823092082361280064e-02
1.035000000000000000e+03 1.796855234320722527e-02
1.034000000000000000e+03 1.776311649796549763e-02
1.033000000000000000e+03 1.761723489107846347e-02
1.032000000000000000e+03 1.750996540267417065e-02
1.031000000000000000e+03 1.741161066509674255e-02
1.030000000000000000e+03 1.730176034129815923e-02
1.029000000000000000e+03 1.716728062057588933e-02
1.028000000000000000e+03 1.700613159010717218e-02
1.027000000000000000e+03 1.683999906101963512e-02
1.026000000000000000e+03 1.668501809747032633e-02
1.025000000000000000e+03 1.658508677262339123e-02
1.024000000000000000e+03 1.656656834194555200e-02
1.023000000000000000e+03 1.666315111973641974e-02
1.022000000000000000e+03 1.689751712799382813e-02
1.021000000000000000e+03 1.726329744556641052e-02
1.020000000000000000e+03 1.772582597766767312e-02
1.019000000000000000e+03 1.822556958144392822e-02
1.018000000000000000e+03 1.867643041110227109e-02
1.017000000000000000e+03 1.899735767970268940e-02
1.016000000000000000e+03 1.911559528264293248e-02
1.015000000000000000e+03 1.899688730847913509e-02
1.014000000000000000e+03 1.867598726652230576e-02
1.013000000000000000e+03 1.822622259142077719e-02
1.012000000000000000e+03 1.776446079760199068e-02
1.011000000000000000e+03 1.739968602407402851e-02
1.010000000000000000e+03 1.723140989245184815e-02
1.009000000000000000e+03 1.730374993926983226e-02
1.008000000000000000e+03 1.762996459617361192e-02
1.007000000000000000e+03 1.815549654908166222e-02
1.006000000000000000e+03 1.880468585999751918e-02
1.005000000000000000e+03 1.947381751610181844e-02
1.004000000000000000e+03 2.005913846275824211e-02
1.003000000000000000e+03 2.046850587995433304e-02
1.002000000000000000e+03 2.063720901541162001e-02
1.001000000000000000e+03 2.052993388734285912e-02
1.000000000000000000e+03 2.016510013056373174e-02
9.990000000000000000e+02 1.959992071976560113e-02
9.980000000000000000e+02 1.896161887578581146e-02
9.970000000000000000e+02 1.837372240920244135e-02
9.960000000000000000e+02 1.796177157503074315e-02
9.950000000000000000e+02 1.778612279959069717e-02
9.940000000000000000e+02 1.785474378975064266e-02
9.930000000000000000e+02 1.811342404184640084e-02
9.920000000000000000e+02 1.846396683291429142e-02
9.910000000000000000e+02 1.880906615685216943e-02
9.900000000000000000e+02 1.906939615279424835e-02
9.890000000000000000e+02 1.920572133041066609e-02
9.880000000000000000e+02 1.921817144709792383e-02
9.870000000000000000e+02 1.911544757807295131e-02
9.860000000000000000e+02 1.892439335311961110e-02
9.850000000000000000e+02 1.866652363343156151e-02
9.840000000000000000e+02 1.838750931416962067e-02
9.830000000000000000e+02 1.811701534503438321e-02
9.820000000000000000e+02 1.790001379578830959e-02
9.810000000000000000e+02 1.774057360169145961e-02
9.800000000000000000e+02 1.760624348910261316e-02
9.790000000000000000e+02 1.743984506788043981e-02
9.780000000000000000e+02 1.718350324535193943e-02
9.770000000000000000e+02 1.681258462101177173e-02
9.760000000000000000e+02 1.636989059598820476e-02
9.750000000000000000e+02 1.595305779940501059e-02
9.740000000000000000e+02 1.568524421733190344e-02
9.730000000000000000e+02 1.566451406020061971e-02
9.720000000000000000e+02 1.592631879752733418e-02
9.710000000000000000e+02 1.642610107809289177e-02
9.700000000000000000e+02 1.706718466035226506e-02
9.690000000000000000e+02 1.770665993674225280e-02
9.680000000000000000e+02 1.821653406145197496e-02
9.670000000000000000e+02 1.849009797106844835e-02
9.660000000000000000e+02 1.845819829065077633e-02
9.650000000000000000e+02 1.810044073627672945e-02
9.640000000000000000e+02 1.747292685234085041e-02
9.630000000000000000e+02 1.673144289138500662e-02
9.620000000000000000e+02 1.608557660431841202e-02
9.610000000000000000e+02 1.570230575706255127e-02
9.600000000000000000e+02 1.567181807777435348e-02
9.590000000000000000e+02 1.596312026382347080e-02
9.580000000000000000e+02 1.646880632798203292e-02
9.570000000000000000e+02 1.706115018716796924e-02
9.560000000000000000e+02 1.763915990813686580e-02
9.550000000000000000e+02 1.809510731973960548e-02
9.540000000000000000e+02 1.828548182769080405e-02
9.530000000000000000e+02 1.814103726437280711e-02
9.520000000000000000e+02 1.778920123125699373e-02
9.510000000000000000e+02 1.737745157784848990e-02
9.500000000000000000e+02 1.634091706935325919e-02
9.490000000000000000e+02 1.301998824635484768e-02
9.480000000000000000e+02 7.790497094077281082e-03
9.470000000000000000e+02 3.708669606678613104e-03
9.460000000000000000e+02 1.613501737123731886e-03
9.450000000000000000e+02 6.855558592366841003e-04
9.440000000000000000e+02 2.899975359638261177e-04
9.430000000000000000e+02 1.244290201894490547e-04
9.420000000000000000e+02 5.555180748967727332e-05
9.410000000000000000e+02 2.639106240917364933e-05
9.400000000000000000e+02 1.350630597510959245e-05
9.390000000000000000e+02 7.458164910753397682e-06
9.380000000000000000e+02 4.422003570960666868e-06
9.370000000000000000e+02 2.792934466440993579e-06
9.360000000000000000e+02 1.867982904884488719e-06
9.350000000000000000e+02 1.323816079452556915e-06
9.340000000000000000e+02 1.002198074437275798e-06
9.330000000000000000e+02 8.211054726831400240e-07
9.320000000000000000e+02 7.321847967459258695e-07
9.310000000000000000e+02 7.007154515851513833e-07
9.300000000000000000e+02 6.960161877590509405e-07
9.290000000000000000e+02 6.920945420120394193e-07
9.280000000000000000e+02 6.787218006957363955e-07
9.270000000000000000e+02 6.710024061546370405e-07
9.260000000000000000e+02 7.097722461202921022e-07
9.250000000000000000e+02 8.565159856248629186e-07
9.240000000000000000e+02 1.201094650122327331e-06
9.230000000000000000e+02 1.894595235290960064e-06
9.220000000000000000e+02 3.172256338920439267e-06
9.210000000000000000e+02 4.833703142329989373e-06
9.200000000000000000e+02 4.762004885648623245e-06
9.190000000000000000e+02 2.803371990689137914e-06
9.180000000000000000e+02 1.409415620607177487e-06
9.170000000000000000e+02 7.574538412137416768e-07
9.160000000000000000e+02 4.517325166825836748e-07
9.150000000000000000e+02 2.973797241415055737e-07
9.140000000000000000e+02 2.166582942673441797e-07
9.130000000000000000e+02 1.741834312009321702e-07
9.120000000000000000e+02 1.470377113609490417e-07
9.110000000000000000e+02 1.260607691192479607e-07
9.100000000000000000e+02 1.126905510160003851e-07
9.090000000000000000e+02 1.036073903296129398e-07
9.080000000000000000e+02 9.454699024932076946e-08
9.070000000000000000e+02 8.286680899144260363e-08
9.060000000000000000e+02 6.753177663849548064e-08
9.050000000000000000e+02 4.912949410341117678e-08
9.040000000000000000e+02 3.218629630413623523e-08
9.030000000000000000e+02 2.023629544161371115e-08
9.020000000000000000e+02 1.307568143777696976e-08
9.010000000000000000e+02 9.046477117742298161e-09
9.000000000000000000e+02 6.953011290057788408e-09
