2.600000000000000000e+03 1.901165454278610908e-09
2.599000000000000000e+03 2.011793147773200332e-09
2.598000000000000000e+03 2.208946057429893726e-09
2.597000000000000000e+03 2.438605017272303133e-09
2.596000000000000000e+03 2.594828382460853682e-09
2.595000000000000000e+03 2.729074268954993536e-09
2.594000000000000000e+03 2.969350543300104691e-09
2.593000000000000000e+03 3.344484298360935143e-09
2.592000000000000000e+03 3.730071675925641823e-09
2.591000000000000000e+03 4.021923651505338877e-09
2.590000000000000000e+03 4.334852615502024541e-09
2.589000000000000000e+03 4.850844969553520769e-09
2.588000000000000000e+03 5.554546571387296696e-09
2.587000000000000000e+03 6.192328800576211417e-09
2.586000000000000000e+03 6.658379093328532801e-09
2.585000000000000000e+03 7.210697155843894801e-09
2.584000000000000000e+03 8.134362603190667257e-09
2.583000000000000000e+03 9.064002426372741460e-09
2.582000000000000000e+03 9.726665999696253740e-09
2.581000000000000000e+03 1.008194754176795434e-08
2.580000000000000000e+03 1.062693089485283980e-08
2.579000000000000000e+03 1.144496196074414594e-08
2.578000000000000000e+03 1.202846387992139588e-08
2.577000000000000000e+03 1.207049420871039243e-08
2.576000000000000000e+03 1.189165641219979357e-08
2.575000000000000000e+03 1.203004428877058982e-08
2.574000000000000000e+03 1.237544071113447788e-08
2.573000000000000000e+03 1.227562027215470997e-08
2.572000000000000000e+03 1.173589631106248194e-08
2.571000000000000000e+03 1.126172710935766685e-08
2.570000000000000000e+03 1.120758990694648094e-08
2.569000000000000000e+03 1.115916348385935875e-08
2.568000000000000000e+03 1.065775012480566919e-08
2.567000000000000000e+03 9.952664952795312707e-09
2.566000000000000000e+03 9.506969226969215181e-09
2.565000000000000000e+03 9.326092054525543835e-09
2.564000000000000000e+03 9.033721901431081077e-09
2.563000000000000000e+03 8.351332139534160796e-09
2.562000000000000000e+03 7.726242650394998187e-09
2.561000000000000000e+03 7.412459901988868754e-09
2.560000000000000000e+03 7.204135610125194187e-09
2.559000000000000000e+03 6.760716192151083992e-09
2.558000000000000000e+03 6.177658492830954964e-09
2.557000000000000000e+03 5.734821852995665218e-09
2.556000000000000000e+03 5.551540235256058674e-09
2.555000000000000000e+03 5.322633205100007336e-09
2.554000000000000000e+03 4.931345425506719392e-09
2.553000000000000000e+03 4.501764299937749384e-09
2.552000000000000000e+03 4.303346747902907962e-09
2.551000000000000000e+03 4.202232267942735078e-09
2.550000000000000000e+03 4.007691180916184963e-09
2.549000000000000000e+03 3.712849458027027134e-09
2.548000000000000000e+03 3.490851562593370160e-09
2.547000000000000000e+03 3.428181708294339527e-09
2.546000000000000000e+03 3.377837683367232239e-09
2.545000000000000000e+03 3.221692448933206074e-09
2.544000000000000000e+03 3.031105355318378900e-09
2.543000000000000000e+03 2.953509232202224608e-09
2.542000000000000000e+03 2.972611390455146127e-09
2.541000000000000000e+03 2.942240771055029459e-09
2.540000000000000000e+03 2.818647450587722160e-09
2.539000000000000000e+03 2.743084241215445409e-09
2.538000000000000000e+03 2.789703386369022871e-09
2.537000000000000000e+03 2.860290588767875389e-09
2.536000000000000000e+03 2.844401538938974245e-09
2.535000000000000000e+03 2.793103578288327179e-09
2.534000000000000000e+03 2.839370057606169237e-09
2.533000000000000000e+03 2.983044062218266338e-09
2.532000000000000000e+03 3.086374074328778935e-09
2.531000000000000000e+03 3.102467486672772409e-09
2.530000000000000000e+03 3.161033384447258347e-09
2.529000000000000000e+03 3.328845063944285489e-09
2.528000000000000000e+03 3.532890026162997532e-09
2.527000000000000000e+03 3.641898083767405820e-09
2.526000000000000000e+03 3.706954461641015824e-09
2.525000000000000000e+03 3.875393859740563511e-09
2.524000000000000000e+03 4.173331283144430748e-09
2.523000000000000000e+03 4.378527223378823731e-09
2.522000000000000000e+03 4.435821871097561086e-09
2.521000000000000000e+03 4.535072616652540912e-09
2.520000000000000000e+03 4.706731428531299774e-09
2.519000000000000000e+03 4.963547978964980317e-09
2.518000000000000000e+03 4.805582031574820789e-09
2.517000000000000000e+03 4.580037369903401336e-09
2.516000000000000000e+03 4.401344769120573391e-09
2.515000000000000000e+03 4.281577729472476767e-09
2.514000000000000000e+03 4.061002526386488209e-09
2.513000000000000000e+03 3.522667018320802426e-09
2.512000000000000000e+03 3.141015348557752433e-09
2.511000000000000000e+03 2.894264387231702153e-09
2.510000000000000000e+03 2.620234985222934620e-09
2.509000000000000000e+03 2.291486433680030523e-09
2.508000000000000000e+03 2.001404752408032778e-09
2.507000000000000000e+03 1.823202399437554004e-09
2.506000000000000000e+03 1.751863133645558122e-09
2.505000000000000000e+03 1.496589462646555035e-09
2.504000000000000000e+03 1.323567588305050705e-09
2.503000000000000000e+03 1.206017950749474962e-09
2.502000000000000000e+03 1.135087031136085691e-09
2.501000000000000000e+03 1.054002957095297410e-09
2.500000000000000000e+03 9.556912111650525098e-10
2.499000000000000000e+03 8.722773248175749175e-10
2.498000000000000000e+03 8.282745070067727194e-10
2.497000000000000000e+03 7.902644604192681089e-10
2.496000000000000000e+03 7.313965303451340046e-10
2.495000000000000000e+03 6.756823304610682253e-10
2.494000000000000000e+03 6.492862767844444652e-10
2.493000000000000000e+03 6.373540110903945010e-10
2.492000000000000000e+03 6.109657309034180385e-10
2.491000000000000000e+03 5.750355773117691663e-10
2.490000000000000000e+03 5.571816832406570364e-10
2.489000000000000000e+03 5.637815664863257223e-10
2.488000000000000000e+03 5.638109838436316789e-10
2.487000000000000000e+03 5.483212859528331329e-10
2.486000000000000000e+03 5.407128579223107008e-10
2.485000000000000000e+03 5.552836044911721514e-10
2.484000000000000000e+03 5.726322579823218730e-10
2.483000000000000000e+03 5.731706491453910060e-10
2.482000000000000000e+03 5.714720041105131768e-10
2.481000000000000000e+03 5.939567867993794624e-10
2.480000000000000000e+03 6.288365157459190689e-10
2.479000000000000000e+03 6.515837651660620486e-10
2.478000000000000000e+03 6.630300440554314245e-10
2.477000000000000000e+03 6.971868205865643687e-10
2.476000000000000000e+03 7.573610100261953727e-10
2.475000000000000000e+03 8.134339011578848931e-10
2.474000000000000000e+03 8.535063861502358022e-10
2.473000000000000000e+03 9.127223405517740424e-10
2.472000000000000000e+03 1.016569566751327640e-09
2.471000000000000000e+03 1.135903179026327848e-09
2.470000000000000000e+03 1.235315167065128881e-09
2.469000000000000000e+03 1.358515895007069492e-09
2.468000000000000000e+03 1.558099098614062346e-09
2.467000000000000000e+03 1.816210398725330600e-09
2.466000000000000000e+03 2.064519724629902578e-09
2.465000000000000000e+03 2.334134566904260813e-09
2.464000000000000000e+03 2.729070803683815578e-09
2.463000000000000000e+03 3.242129208156882619e-09
2.462000000000000000e+03 3.688399525766435007e-09
2.461000000000000000e+03 4.061584255024868338e-09
2.460000000000000000e+03 4.362334763983540817e-09
2.459000000000000000e+03 4.656167556825486723e-09
2.458000000000000000e+03 4.570216925391714496e-09
2.457000000000000000e+03 4.162808872140988014e-09
2.456000000000000000e+03 3.675703566184140576e-09
2.455000000000000000e+03 3.273455078705048739e-09
2.454000000000000000e+03 2.804236146889452488e-09
2.453000000000000000e+03 2.305558230785340393e-09
2.452000000000000000e+03 1.902550602274122159e-09
2.451000000000000000e+03 1.633317919829346580e-09
2.450000000000000000e+03 1.411336151717286944e-09
2.449000000000000000e+03 1.186023211732604895e-09
2.448000000000000000e+03 1.003164742438960336e-09
2.447000000000000000e+03 8.876776913611693598e-10
2.446000000000000000e+03 7.988285585453578292e-10
2.445000000000000000e+03 7.023034267481649545e-10
2.444000000000000000e+03 6.144650105546722157e-10
2.443000000000000000e+03 5.594381562486930703e-10
2.442000000000000000e+03 5.223619075125443093e-10
2.441000000000000000e+03 4.790879681375296465e-10
2.440000000000000000e+03 4.328503571175540773e-10
2.439000000000000000e+03 4.020030914204404106e-10
2.438000000000000000e+03 3.894566375864122299e-10
2.437000000000000000e+03 3.678117892745059476e-10
2.436000000000000000e+03 3.425322773540101877e-10
2.435000000000000000e+03 3.250234347364305605e-10
2.434000000000000000e+03 3.226712240217155246e-10
2.433000000000000000e+03 3.146772542811307961e-10
2.432000000000000000e+03 3.000767716291727441e-10
2.431000000000000000e+03 2.928691215426563270e-10
2.430000000000000000e+03 2.980933767877649252e-10
2.429000000000000000e+03 2.999909374060686826e-10
2.428000000000000000e+03 2.947942660801569464e-10
2.427000000000000000e+03 2.921785092544704879e-10
2.426000000000000000e+03 3.024846464409000156e-10
2.425000000000000000e+03 3.140409073672960274e-10
2.424000000000000000e+03 3.175653156798826853e-10
2.423000000000000000e+03 3.242536841453732950e-10
2.422000000000000000e+03 3.452269256046555427e-10
2.421000000000000000e+03 3.668877524099551128e-10
2.420000000000000000e+03 3.812822439349001397e-10
2.419000000000000000e+03 3.967256745345280992e-10
2.418000000000000000e+03 4.290027218747194373e-10
2.417000000000000000e+03 4.671829712054564375e-10
2.416000000000000000e+03 4.951729213302135836e-10
2.415000000000000000e+03 5.188931851498921332e-10
2.414000000000000000e+03 5.649674321216175535e-10
2.413000000000000000e+03 6.166506564334788320e-10
2.412000000000000000e+03 6.465232999256896860e-10
2.411000000000000000e+03 6.635409192816052491e-10
2.410000000000000000e+03 6.949376914815909356e-10
2.409000000000000000e+03 7.247726892477414366e-10
2.408000000000000000e+03 7.181948027340655598e-10
2.407000000000000000e+03 6.886479863469950893e-10
2.406000000000000000e+03 6.698279430915778995e-10
2.405000000000000000e+03 6.512089002983922011e-10
2.404000000000000000e+03 6.034221726383183301e-10
2.403000000000000000e+03 5.442817177023418771e-10
2.402000000000000000e+03 5.028045133157476860e-10
2.401000000000000000e+03 4.734338213880258654e-10
2.400000000000000000e+03 4.282581043968423485e-10
2.399000000000000000e+03 3.819240819312482909e-10
2.398000000000000000e+03 3.534234707214786715e-10
2.397000000000000000e+03 3.327628853229417813e-10
2.396000000000000000e+03 3.068252064952584171e-10
2.395000000000000000e+03 2.777502589437933599e-10
2.394000000000000000e+03 2.615321891800755303e-10
2.393000000000000000e+03 2.525329980013304599e-10
2.392000000000000000e+03 2.382889881446753069e-10
2.391000000000000000e+03 2.220261673842792892e-10
2.390000000000000000e+03 2.155063807582654735e-10
2.389000000000000000e+03 2.142724748549298018e-10
2.388000000000000000e+03 2.080087734648882191e-10
2.387000000000000000e+03 2.003412669923118127e-10
2.386000000000000000e+03 2.006559393574793592e-10
2.385000000000000000e+03 2.064416009822904251e-10
2.384000000000000000e+03 2.075407577511698024e-10
2.383000000000000000e+03 2.077397104961200017e-10
2.382000000000000000e+03 2.169714281595191431e-10
2.381000000000000000e+03 2.329329964223106394e-10
2.380000000000000000e+03 2.453130078705573319e-10
2.379000000000000000e+03 2.583536200012015193e-10
2.378000000000000000e+03 2.868537528593465561e-10
2.377000000000000000e+03 3.284239051004354563e-10
2.376000000000000000e+03 3.724774467255090275e-10
2.375000000000000000e+03 4.293605106804961589e-10
2.374000000000000000e+03 5.336453383737207668e-10
2.373000000000000000e+03 6.997266678856605681e-10
2.372000000000000000e+03 9.417871319382987736e-10
2.371000000000000000e+03 1.369418874997868010e-09
2.370000000000000000e+03 2.298543100832407940e-09
2.369000000000000000e+03 4.089409741303349950e-09
2.368000000000000000e+03 5.609822952634778783e-09
2.367000000000000000e+03 5.215150032471074753e-09
2.366000000000000000e+03 3.693448399034651074e-09
2.365000000000000000e+03 2.143166346961482950e-09
2.364000000000000000e+03 1.098580551194528953e-09
2.363000000000000000e+03 6.145455926339644580e-10
2.362000000000000000e+03 3.917131746587948873e-10
2.361000000000000000e+03 2.664016932574773305e-10
2.360000000000000000e+03 1.843441556856051945e-10
2.359000000000000000e+03 1.339344767999494345e-10
2.358000000000000000e+03 1.039688062287227415e-10
2.357000000000000000e+03 8.175849722130305019e-11
2.356000000000000000e+03 6.321735756902751662e-11
2.355000000000000000e+03 5.076264158936722733e-11
2.354000000000000000e+03 4.274502034207256976e-11
2.353000000000000000e+03 3.564511770297688426e-11
2.352000000000000000e+03 2.923247754924390124e-11
2.351000000000000000e+03 2.477862476577064106e-11
2.350000000000000000e+03 2.177564328142149455e-11
2.349000000000000000e+03 1.879427150714153259e-11
2.348000000000000000e+03 1.595586460276525798e-11
2.347000000000000000e+03 1.402820175417318248e-11
2.346000000000000000e+03 1.269818378632937554e-11
2.345000000000000000e+03 1.120728224214488042e-11
2.344000000000000000e+03 9.773028351796302537e-12
2.343000000000000000e+03 8.854787873360451348e-12
2.342000000000000000e+03 8.169060102231257892e-12
2.341000000000000000e+03 7.321023494133686634e-12
2.340000000000000000e+03 6.518584749529756903e-12
2.339000000000000000e+03 6.057241159516867240e-12
2.338000000000000000e+03 5.677439017042192051e-12
2.337000000000000000e+03 5.128512190931093054e-12
2.336000000000000000e+03 4.684416965297527467e-12
2.335000000000000000e+03 4.471407364955534439e-12
2.334000000000000000e+03 4.200624117601773227e-12
2.333000000000000000e+03 3.856903776890300371e-12
2.332000000000000000e+03 3.587006929801819728e-12
2.331000000000000000e+03 3.488109255783402222e-12
2.330000000000000000e+03 3.308668866959022536e-12
2.329000000000000000e+03 3.076728100389944241e-12
2.328000000000000000e+03 2.923712060751301258e-12
2.327000000000000000e+03 2.865833200729326062e-12
2.326000000000000000e+03 2.731000267579488874e-12
2.325000000000000000e+03 2.565590457768639221e-12
2.324000000000000000e+03 2.505809018380561107e-12
2.323000000000000000e+03 2.476315490456199636e-12
2.322000000000000000e+03 2.365453390996901717e-12
2.321000000000000000e+03 2.264162413409409652e-12
2.320000000000000000e+03 2.252564261022682369e-12
2.319000000000000000e+03 2.236843277626053139e-12
2.318000000000000000e+03 2.147345436942967291e-12
2.317000000000000000e+03 2.095853737118456417e-12
2.316000000000000000e+03 2.118921723667054795e-12
2.315000000000000000e+03 2.106175250162874511e-12
2.314000000000000000e+03 2.041910014368027205e-12
2.313000000000000000e+03 2.037805659682912930e-12
2.312000000000000000e+03 2.081895814589650735e-12
2.311000000000000000e+03 2.071949007937834477e-12
2.310000000000000000e+03 2.034365616778772498e-12
2.309000000000000000e+03 2.074039236208440151e-12
2.308000000000000000e+03 2.134248206555918788e-12
2.307000000000000000e+03 2.125417570042795707e-12
2.306000000000000000e+03 2.126415651282650627e-12
2.305000000000000000e+03 2.210185093976053852e-12
2.304000000000000000e+03 2.280752205718817378e-12
2.303000000000000000e+03 2.287055458194718738e-12
2.302000000000000000e+03 2.342172209141252883e-12
2.301000000000000000e+03 2.476569104149497929e-12
2.300000000000000000e+03 2.557775354859986370e-12
2.299000000000000000e+03 2.597202453970834164e-12
2.298000000000000000e+03 2.731250735663503662e-12
2.297000000000000000e+03 2.920545727650681761e-12
2.296000000000000000e+03 3.025983088211195352e-12
2.295000000000000000e+03 3.141638011028579778e-12
2.294000000000000000e+03 3.389670748439515357e-12
2.293000000000000000e+03 3.655798401194872612e-12
2.292000000000000000e+03 3.830831481568956070e-12
2.291000000000000000e+03 4.096018871681451454e-12
2.290000000000000000e+03 4.547060298396498251e-12
2.289000000000000000e+03 4.954057236830680443e-12
2.288000000000000000e+03 5.342752154373973618e-12
2.287000000000000000e+03 5.957641138162309438e-12
2.286000000000000000e+03 6.779243493398286174e-12
2.285000000000000000e+03 7.525597430074099846e-12
2.284000000000000000e+03 8.463392837012202516e-12
2.283000000000000000e+03 9.953975061603986024e-12
2.282000000000000000e+03 1.174374022899884587e-11
2.281000000000000000e+03 1.367054544570122106e-11
2.280000000000000000e+03 1.657562391002737079e-11
2.279000000000000000e+03 2.112859184049353189e-11
2.278000000000000000e+03 2.689453412129295097e-11
2.277000000000000000e+03 3.503152772012193798e-11
2.276000000000000000e+03 5.026626209124299623e-11
2.275000000000000000e+03 7.752808006133137697e-11
2.274000000000000000e+03 1.303417496346855323e-10
2.273000000000000000e+03 2.765559561791721717e-10
2.272000000000000000e+03 9.148110629245258359e-10
2.271000000000000000e+03 1.937233535755869857e-09
2.270000000000000000e+03 1.861707257585474237e-09
2.269000000000000000e+03 9.886348858904926788e-10
2.268000000000000000e+03 3.255058120656495333e-10
2.267000000000000000e+03 1.439284899474424253e-10
2.266000000000000000e+03 8.173690890822913150e-11
2.265000000000000000e+03 5.473923490849193068e-11
2.264000000000000000e+03 3.937813071143527512e-11
2.263000000000000000e+03 2.905412340478624932e-11
2.262000000000000000e+03 2.289231590110750477e-11
2.261000000000000000e+03 1.896364158407160684e-11
2.260000000000000000e+03 1.565343106952683638e-11
2.259000000000000000e+03 1.304289002344080613e-11
2.258000000000000000e+03 1.148711437953408512e-11
2.257000000000000000e+03 1.017846262659872296e-11
2.256000000000000000e+03 8.885178102776583213e-12
2.255000000000000000e+03 7.962792897731155761e-12
2.254000000000000000e+03 7.398423879511349870e-12
2.253000000000000000e+03 6.761151719221254353e-12
2.252000000000000000e+03 6.142534888916197907e-12
2.251000000000000000e+03 5.797119495167798224e-12
2.250000000000000000e+03 5.518824694315110759e-12
2.249000000000000000e+03 5.121249875979942598e-12
2.248000000000000000e+03 4.869980955194282634e-12
2.247000000000000000e+03 4.745217778899565463e-12
2.246000000000000000e+03 4.575064762748646956e-12
2.245000000000000000e+03 4.345446207113840161e-12
2.244000000000000000e+03 4.293034749875246230e-12
2.243000000000000000e+03 4.234786871058122677e-12
2.242000000000000000e+03 4.096147017313103028e-12
2.241000000000000000e+03 4.024719882726077118e-12
2.240000000000000000e+03 4.085606390880610757e-12
2.239000000000000000e+03 4.035461756471617617e-12
2.238000000000000000e+03 3.990248414986434420e-12
2.237000000000000000e+03 4.052661815684865539e-12
2.236000000000000000e+03 4.132356187222526741e-12
2.235000000000000000e+03 4.109619916770148621e-12
2.234000000000000000e+03 4.188651141492919744e-12
2.233000000000000000e+03 4.368114726435201131e-12
2.232000000000000000e+03 4.451196934620373964e-12
2.231000000000000000e+03 4.491475157865053579e-12
2.230000000000000000e+03 4.713068334496100956e-12
2.229000000000000000e+03 4.960899904622016205e-12
2.228000000000000000e+03 5.060554642283525434e-12
2.227000000000000000e+03 5.296874899744313371e-12
2.226000000000000000e+03 5.667246823872009477e-12
2.225000000000000000e+03 5.892888069704081187e-12
2.224000000000000000e+03 6.148593575878310916e-12
2.223000000000000000e+03 6.666842756727076489e-12
2.222000000000000000e+03 7.132877338966917043e-12
2.221000000000000000e+03 7.493152841200147968e-12
2.220000000000000000e+03 8.103416459760024599e-12
2.219000000000000000e+03 8.938038332519703051e-12
2.218000000000000000e+03 9.537240952857145252e-12
2.217000000000000000e+03 1.031044335496613244e-11
2.216000000000000000e+03 1.154389196319098371e-11
2.215000000000000000e+03 1.268382154268685991e-11
2.214000000000000000e+03 1.379352674682646850e-11
2.213000000000000000e+03 1.552457533954758242e-11
2.212000000000000000e+03 1.760331210408181810e-11
2.211000000000000000e+03 1.947278108195866212e-11
2.210000000000000000e+03 2.201092364539240544e-11
2.209000000000000000e+03 2.559794579485422007e-11
2.208000000000000000e+03 2.912262038662293771e-11
2.207000000000000000e+03 3.328699023838141613e-11
2.206000000000000000e+03 3.934929180592357292e-11
2.205000000000000000e+03 4.636409065420882720e-11
2.204000000000000000e+03 5.372414251538470632e-11
2.203000000000000000e+03 6.456427251915775071e-11
2.202000000000000000e+03 7.859821517339455869e-11
2.201000000000000000e+03 9.353030602930003749e-11
2.200000000000000000e+03 1.131735205483264845e-10
2.199000000000000000e+03 1.415850718040534993e-10
2.198000000000000000e+03 1.727046357922628138e-10
2.197000000000000000e+03 2.080753447888613359e-10
2.196000000000000000e+03 2.569138193798845144e-10
2.195000000000000000e+03 3.096368468268154428e-10
2.194000000000000000e+03 3.567290280086279073e-10
2.193000000000000000e+03 4.088325538439645649e-10
2.192000000000000000e+03 4.580514335312538833e-10
2.191000000000000000e+03 4.797197538488720073e-10
2.190000000000000000e+03 4.919419855644210155e-10
2.189000000000000000e+03 5.041356466113279971e-10
2.188000000000000000e+03 4.936812932421358098e-10
2.187000000000000000e+03 4.761255631420083957e-10
2.186000000000000000e+03 4.686656698129857761e-10
2.185000000000000000e+03 4.614864307009238430e-10
2.184000000000000000e+03 4.433992346204468248e-10
2.183000000000000000e+03 4.446165923137940243e-10
2.182000000000000000e+03 4.518256782707999896e-10
2.181000000000000000e+03 4.528433419553971681e-10
2.180000000000000000e+03 4.643571705144128124e-10
2.179000000000000000e+03 4.939815498122931377e-10
2.178000000000000000e+03 5.204054298610734404e-10
2.177000000000000000e+03 5.537983711884382702e-10
2.176000000000000000e+03 6.187690544521580250e-10
2.175000000000000000e+03 6.897103847374463060e-10
2.174000000000000000e+03 7.660429405095370948e-10
2.173000000000000000e+03 8.932561413419224361e-10
2.172000000000000000e+03 1.051964156451193834e-09
2.171000000000000000e+03 1.214818731258926786e-09
2.170000000000000000e+03 1.431439763800302175e-09
2.169000000000000000e+03 1.685130531015219895e-09
2.168000000000000000e+03 1.862369592034668353e-09
2.167000000000000000e+03 1.964985068112380475e-09
2.166000000000000000e+03 1.987603224032195619e-09
2.165000000000000000e+03 1.835279046655960248e-09
2.164000000000000000e+03 1.589374187444301953e-09
2.163000000000000000e+03 1.363890581136338571e-09
2.162000000000000000e+03 1.131774850836522797e-09
2.161000000000000000e+03 9.172552649671560646e-10
2.160000000000000000e+03 7.679604641535940624e-10
2.159000000000000000e+03 6.492658596083013763e-10
2.158000000000000000e+03 5.410325497828437151e-10
2.157000000000000000e+03 4.671272285245903926e-10
2.156000000000000000e+03 4.119063676245364640e-10
2.155000000000000000e+03 3.572023111850775918e-10
2.154000000000000000e+03 3.167753596256618183e-10
2.153000000000000000e+03 2.924849554930927596e-10
2.152000000000000000e+03 2.627986740279981090e-10
2.151000000000000000e+03 2.387596750277215214e-10
2.150000000000000000e+03 2.246607521259244421e-10
2.149000000000000000e+03 2.087568072723079708e-10
2.148000000000000000e+03 1.931810735909419052e-10
2.147000000000000000e+03 1.847625097810888013e-10
2.146000000000000000e+03 1.757578374128908032e-10
2.145000000000000000e+03 1.646498118500171780e-10
2.144000000000000000e+03 1.585456385162078388e-10
2.143000000000000000e+03 1.532178107097664131e-10
2.142000000000000000e+03 1.448670049630708409e-10
2.141000000000000000e+03 1.400067231611698786e-10
2.140000000000000000e+03 1.364700521934051145e-10
2.139000000000000000e+03 1.294892544446888134e-10
2.138000000000000000e+03 1.247645585938343044e-10
2.137000000000000000e+03 1.219601663816802537e-10
2.136000000000000000e+03 1.161916904714374324e-10
2.135000000000000000e+03 1.110273099174758623e-10
2.134000000000000000e+03 1.084953856256167743e-10
2.133000000000000000e+03 1.034127270120595167e-10
2.132000000000000000e+03 9.805955158729403550e-11
2.131000000000000000e+03 9.541168907516120653e-11
2.130000000000000000e+03 9.097407589554728766e-11
2.129000000000000000e+03 8.594085702365565914e-11
2.128000000000000000e+03 8.315080789520520516e-11
2.127000000000000000e+03 7.956314414975942147e-11
2.126000000000000000e+03 7.502659783933215919e-11
2.125000000000000000e+03 7.240973800350549051e-11
2.124000000000000000e+03 6.958799983452656181e-11
2.123000000000000000e+03 6.566389734965426296e-11
2.122000000000000000e+03 6.356399037774274215e-11
2.121000000000000000e+03 6.143331063601267115e-11
2.120000000000000000e+03 5.845383707717297922e-11
2.119000000000000000e+03 5.658729965873527164e-11
2.118000000000000000e+03 5.510183698635921947e-11
2.117000000000000000e+03 5.286222578777066235e-11
2.116000000000000000e+03 5.209775300714668695e-11
2.115000000000000000e+03 5.086695692075265517e-11
2.114000000000000000e+03 4.963597123546564995e-11
2.113000000000000000e+03 4.931898032692753371e-11
2.112000000000000000e+03 4.833600922428626965e-11
2.111000000000000000e+03 4.813439808282665962e-11
2.110000000000000000e+03 4.827320277204324605e-11
2.109000000000000000e+03 4.784684708084070753e-11
2.108000000000000000e+03 4.823495866240253518e-11
2.107000000000000000e+03 4.890110339122782478e-11
2.106000000000000000e+03 4.874456567220654412e-11
2.105000000000000000e+03 4.981423692653252277e-11
2.104000000000000000e+03 5.113968975564663296e-11
2.103000000000000000e+03 5.179691607772644782e-11
2.102000000000000000e+03 5.327006973669329137e-11
2.101000000000000000e+03 5.577321658784751538e-11
2.100000000000000000e+03 5.724890473053109467e-11
2.099000000000000000e+03 5.962979852575372732e-11
2.098000000000000000e+03 6.304788998247770531e-11
2.097000000000000000e+03 6.562144308491659226e-11
2.096000000000000000e+03 6.888102422695814136e-11
2.095000000000000000e+03 7.375142760217991892e-11
2.094000000000000000e+03 7.771193345290156745e-11
2.093000000000000000e+03 8.208068990103468990e-11
2.092000000000000000e+03 8.816135698540104793e-11
2.091000000000000000e+03 9.329708889394346112e-11
2.090000000000000000e+03 9.849323047735686236e-11
2.089000000000000000e+03 1.052802184437643238e-10
2.088000000000000000e+03 1.108701707058385371e-10
2.087000000000000000e+03 1.150890891248102301e-10
2.086000000000000000e+03 1.209923239032147092e-10
2.085000000000000000e+03 1.249964883495306704e-10
2.084000000000000000e+03 1.262051248619392839e-10
2.083000000000000000e+03 1.287800582828669617e-10
2.082000000000000000e+03 1.288275917022173208e-10
2.081000000000000000e+03 1.260742924277855850e-10
2.080000000000000000e+03 1.243757896438801096e-10
2.079000000000000000e+03 1.208944915942875976e-10
2.078000000000000000e+03 1.153070679555751547e-10
2.077000000000000000e+03 1.113051177890784312e-10
2.076000000000000000e+03 1.065455402027408118e-10
2.075000000000000000e+03 1.002629679716443057e-10
2.074000000000000000e+03 9.603218559203534774e-11
2.073000000000000000e+03 9.176883024823791647e-11
2.072000000000000000e+03 8.637118778272735929e-11
2.071000000000000000e+03 8.300159974263374209e-11
2.070000000000000000e+03 7.974145468777561830e-11
2.069000000000000000e+03 7.547705293430596753e-11
2.068000000000000000e+03 7.328487493927118569e-11
2.067000000000000000e+03 7.129093598824609072e-11
2.066000000000000000e+03 6.839663551164845178e-11
2.065000000000000000e+03 6.690201586857979017e-11
2.064000000000000000e+03 6.591629553460532143e-11
2.063000000000000000e+03 6.436265927002309569e-11
2.062000000000000000e+03 6.386453079404188707e-11
2.061000000000000000e+03 6.389359648582334275e-11
2.060000000000000000e+03 6.312098191066806979e-11
2.059000000000000000e+03 6.364262812841568435e-11
2.058000000000000000e+03 6.468773577812593569e-11
2.057000000000000000e+03 6.491986767519465482e-11
2.056000000000000000e+03 6.648191380142856593e-11
2.055000000000000000e+03 6.853839944463649158e-11
2.054000000000000000e+03 6.999241167310594299e-11
2.053000000000000000e+03 7.313514024694437205e-11
2.052000000000000000e+03 7.645378013862334992e-11
2.051000000000000000e+03 7.958625209468405723e-11
2.050000000000000000e+03 8.433877290119582101e-11
2.049000000000000000e+03 9.019332605112849397e-11
2.048000000000000000e+03 9.544013740530387300e-11
2.047000000000000000e+03 1.033956445252116016e-10
2.046000000000000000e+03 1.123976179154790234e-10
2.045000000000000000e+03 1.215073796156683277e-10
2.044000000000000000e+03 1.348033105631852482e-10
2.043000000000000000e+03 1.498471984615123975e-10
2.042000000000000000e+03 1.660262921944371258e-10
2.041000000000000000e+03 1.891202767579657252e-10
2.040000000000000000e+03 2.157568312721226461e-10
2.039000000000000000e+03 2.461233634099445417e-10
2.038000000000000000e+03 2.892181889268328946e-10
2.037000000000000000e+03 3.403400514047494982e-10
2.036000000000000000e+03 4.023843283254620459e-10
2.035000000000000000e+03 4.909495330899402304e-10
2.034000000000000000e+03 5.998749916526326409e-10
2.033000000000000000e+03 7.403084695918445897e-10
2.032000000000000000e+03 9.439601688247250847e-10
2.031000000000000000e+03 1.203075042648033625e-09
2.030000000000000000e+03 1.551061413119101317e-09
2.029000000000000000e+03 2.049657801761603387e-09
2.028000000000000000e+03 2.663161343881657838e-09
2.027000000000000000e+03 3.421388275323744614e-09
2.026000000000000000e+03 4.307197446380767378e-09
2.025000000000000000e+03 5.045475228480596893e-09
2.024000000000000000e+03 5.559840488563090924e-09
2.023000000000000000e+03 5.774027979568015950e-09
2.022000000000000000e+03 5.564826479718891911e-09
2.021000000000000000e+03 5.224793229225200003e-09
2.020000000000000000e+03 4.854401088807456816e-09
2.019000000000000000e+03 4.429119114879567457e-09
2.018000000000000000e+03 4.137738855851977616e-09
2.017000000000000000e+03 3.925810918164505737e-09
2.016000000000000000e+03 3.733435715664987785e-09
2.015000000000000000e+03 3.675969353044770227e-09
2.014000000000000000e+03 3.670362523954604704e-09
2.013000000000000000e+03 3.686632426284992888e-09
2.012000000000000000e+03 3.829049230041403088e-09
2.011000000000000000e+03 3.997881059508218398e-09
2.010000000000000000e+03 4.191422507693861606e-09
2.009000000000000000e+03 4.504003857134003212e-09
2.008000000000000000e+03 4.779490388948593352e-09
2.007000000000000000e+03 5.034560530971507207e-09
2.006000000000000000e+03 5.296562942719345536e-09
2.005000000000000000e+03 5.343817003895129123e-09
2.004000000000000000e+03 5.239658230201127987e-09
2.003000000000000000e+03 4.998037280193495869e-09
2.002000000000000000e+03 4.515589137920570108e-09
2.001000000000000000e+03 3.998750072700314744e-09
2.000000000000000000e+03 3.474360506284927123e-09
1.999000000000000000e+03 2.931955111902304693e-09
1.998000000000000000e+03 2.497784998976103403e-09
1.997000000000000000e+03 2.121829630519211870e-09
1.996000000000000000e+03 1.790635474327323632e-09
1.995000000000000000e+03 1.548174472667304578e-09
1.994000000000000000e+03 1.338053790815051740e-09
1.993000000000000000e+03 1.161403886484167345e-09
1.992000000000000000e+03 1.034532124498476258e-09
1.991000000000000000e+03 9.176730876353910078e-10
1.990000000000000000e+03 8.240365990269276110e-10
1.989000000000000000e+03 7.552588169770504104e-10
1.988000000000000000e+03 6.890327916743940588e-10
1.987000000000000000e+03 6.382571738253346213e-10
1.986000000000000000e+03 6.012513722937995175e-10
1.985000000000000000e+03 5.608399290178284854e-10
1.984000000000000000e+03 5.372402483179985087e-10
1.983000000000000000e+03 5.170188687206511051e-10
1.982000000000000000e+03 4.945616572081995147e-10
1.981000000000000000e+03 4.884771895724984248e-10
1.980000000000000000e+03 4.796088168125626770e-10
1.979000000000000000e+03 4.725780139567655849e-10
1.978000000000000000e+03 4.773839745439957857e-10
1.977000000000000000e+03 4.773646834470671220e-10
1.976000000000000000e+03 4.832732450567103731e-10
1.975000000000000000e+03 5.003659782959190995e-10
1.974000000000000000e+03 5.122479211481195588e-10
1.973000000000000000e+03 5.363548576834083700e-10
1.972000000000000000e+03 5.644707766677624348e-10
1.971000000000000000e+03 5.943200717621022988e-10
1.970000000000000000e+03 6.416271206498108362e-10
1.969000000000000000e+03 6.923973108421997498e-10
1.968000000000000000e+03 7.546961531213754533e-10
1.967000000000000000e+03 8.400464668025176269e-10
1.966000000000000000e+03 9.304139753389286958e-10
1.965000000000000000e+03 1.051257643725970321e-09
1.964000000000000000e+03 1.206498577066132438e-09
1.963000000000000000e+03 1.380361106873903478e-09
1.962000000000000000e+03 1.621527675130340676e-09
1.961000000000000000e+03 1.912921840424394086e-09
1.960000000000000000e+03 2.260067222334684249e-09
1.959000000000000000e+03 2.714957261460069420e-09
1.958000000000000000e+03 3.251124597657711181e-09
1.957000000000000000e+03 3.851374827060926282e-09
1.956000000000000000e+03 4.519969989859369176e-09
1.955000000000000000e+03 5.097496841789111233e-09
1.954000000000000000e+03 5.559214838863616306e-09
1.953000000000000000e+03 5.779244978046954450e-09
1.952000000000000000e+03 5.680706858924771489e-09
1.951000000000000000e+03 5.430928731513457532e-09
1.950000000000000000e+03 4.979855136777734538e-09
1.949000000000000000e+03 4.506533794773195139e-09
1.948000000000000000e+03 4.100151079550644063e-09
1.947000000000000000e+03 3.653591568847000139e-09
1.946000000000000000e+03 3.328475257710113477e-09
1.945000000000000000e+03 3.022213083709775303e-09
1.944000000000000000e+03 2.765224792070516750e-09
1.943000000000000000e+03 2.603234597049288074e-09
1.942000000000000000e+03 2.438518946498947354e-09
1.941000000000000000e+03 2.314834468661163734e-09
1.940000000000000000e+03 2.239104171343760713e-09
1.939000000000000000e+03 2.155994462730282215e-09
1.938000000000000000e+03 2.122993484921773158e-09
1.937000000000000000e+03 2.105931823114235565e-09
1.936000000000000000e+03 2.089033560577050201e-09
1.935000000000000000e+03 2.121460808821504948e-09
1.934000000000000000e+03 2.148199221042848441e-09
1.933000000000000000e+03 2.197899982488463626e-09
1.932000000000000000e+03 2.287515695712613956e-09
1.931000000000000000e+03 2.362382427564741537e-09
1.930000000000000000e+03 2.491840958187566717e-09
1.929000000000000000e+03 2.633701244582554802e-09
1.928000000000000000e+03 2.783221539284650138e-09
1.927000000000000000e+03 2.983598733506723685e-09
1.926000000000000000e+03 3.193162103181382142e-09
1.925000000000000000e+03 3.450206010629429883e-09
1.924000000000000000e+03 3.712933907241413211e-09
1.923000000000000000e+03 3.981957213444650506e-09
1.922000000000000000e+03 4.277563146951950319e-09
1.921000000000000000e+03 4.552152823485976907e-09
1.920000000000000000e+03 4.773845836082295694e-09
1.919000000000000000e+03 5.007620708289367933e-09
1.918000000000000000e+03 5.092025218314504988e-09
1.917000000000000000e+03 5.160752228210591404e-09
1.916000000000000000e+03 5.127613190903371166e-09
1.915000000000000000e+03 4.995257576680857503e-09
1.914000000000000000e+03 4.849813827625459896e-09
1.913000000000000000e+03 4.591916225271559297e-09
1.912000000000000000e+03 4.353644439084133839e-09
1.911000000000000000e+03 4.104093568362339160e-09
1.910000000000000000e+03 3.828100060100917589e-09
1.909000000000000000e+03 3.619394401961979361e-09
1.908000000000000000e+03 3.388288643476837637e-09
1.907000000000000000e+03 3.197837523689539765e-09
1.906000000000000000e+03 3.045051132398377733e-09
1.905000000000000000e+03 2.882241347573037795e-09
1.904000000000000000e+03 2.781145857036346096e-09
1.903000000000000000e+03 2.676162426908344073e-09
1.902000000000000000e+03 2.595519356373154423e-09
1.901000000000000000e+03 2.552403224102738361e-09
1.900000000000000000e+03 2.496522302482359389e-09
1.899000000000000000e+03 2.487921015671896788e-09
1.898000000000000000e+03 2.479619657949903886e-09
1.897000000000000000e+03 2.484126741059857562e-09
1.896000000000000000e+03 2.526561538793082528e-09
1.895000000000000000e+03 2.553771228722895029e-09
1.894000000000000000e+03 2.625217376989735141e-09
1.893000000000000000e+03 2.700232351061623673e-09
1.892000000000000000e+03 2.785069487271939503e-09
1.891000000000000000e+03 2.913456219148880473e-09
1.890000000000000000e+03 3.025563137818887650e-09
1.889000000000000000e+03 3.185576687940480763e-09
1.888000000000000000e+03 3.353745261047344558e-09
1.887000000000000000e+03 3.529006242608724784e-09
1.886000000000000000e+03 3.757219203508015624e-09
1.885000000000000000e+03 3.962233378135736357e-09
1.884000000000000000e+03 4.221758441505312985e-09
1.883000000000000000e+03 4.484076262322981215e-09
1.882000000000000000e+03 4.744902485739442629e-09
1.881000000000000000e+03 5.058428682244175111e-09
1.880000000000000000e+03 5.324826529366175498e-09
1.879000000000000000e+03 5.641229590640643528e-09
1.878000000000000000e+03 5.933910918424291035e-09
1.877000000000000000e+03 6.201628745115614941e-09
1.876000000000000000e+03 6.505452973891213426e-09
1.875000000000000000e+03 6.724379156182300371e-09
1.874000000000000000e+03 6.985284276323884592e-09
1.873000000000000000e+03 7.187449883419906189e-09
1.872000000000000000e+03 7.360660761264385860e-09
1.871000000000000000e+03 7.557195209163355081e-09
1.870000000000000000e+03 7.662387618302749659e-09
1.869000000000000000e+03 7.823419111797979035e-09
1.868000000000000000e+03 7.921827960746122023e-09
1.867000000000000000e+03 8.022143423452171806e-09
1.866000000000000000e+03 8.152467560883213787e-09
1.865000000000000000e+03 8.219273159672688669e-09
1.864000000000000000e+03 8.369262453357197366e-09
1.863000000000000000e+03 8.466355392705241720e-09
1.862000000000000000e+03 8.611906258210408164e-09
1.861000000000000000e+03 8.792200834347993073e-09
1.860000000000000000e+03 8.942937587606961061e-09
1.859000000000000000e+03 9.203742316835252780e-09
1.858000000000000000e+03 9.418348717976805904e-09
1.857000000000000000e+03 9.732963158190169224e-09
1.856000000000000000e+03 1.007589777898913189e-08
1.855000000000000000e+03 1.044399035818126805e-08
1.854000000000000000e+03 1.094552038301613429e-08
1.853000000000000000e+03 1.142233845821403831e-08
1.852000000000000000e+03 1.207375273678060913e-08
1.851000000000000000e+03 1.275478028254790704e-08
1.850000000000000000e+03 1.355766366283606056e-08
1.849000000000000000e+03 1.453904819898740272e-08
1.848000000000000000e+03 1.556767044501332431e-08
1.847000000000000000e+03 1.689669450297838879e-08
1.846000000000000000e+03 1.831109096249292801e-08
1.845000000000000000e+03 2.005483333219712991e-08
1.844000000000000000e+03 2.207817897603095784e-08
1.843000000000000000e+03 2.437740110522375573e-08
1.842000000000000000e+03 2.724702349240509060e-08
1.841000000000000000e+03 3.041411938520641596e-08
1.840000000000000000e+03 3.441919890255226006e-08
1.839000000000000000e+03 3.899511290654676798e-08
1.838000000000000000e+03 4.453887112851389800e-08
1.837000000000000000e+03 5.127854995793392279e-08
1.836000000000000000e+03 5.911608826536336508e-08
1.835000000000000000e+03 6.904579910210395257e-08
1.834000000000000000e+03 8.049975133907530539e-08
1.833000000000000000e+03 9.493478653201213043e-08
1.832000000000000000e+03 1.121175404242761405e-07
1.831000000000000000e+03 1.330440637756462284e-07
1.830000000000000000e+03 1.589557760163914826e-07
1.829000000000000000e+03 1.894325170815485680e-07
1.828000000000000000e+03 2.277441313035545885e-07
1.827000000000000000e+03 2.723980790972177801e-07
1.826000000000000000e+03 3.274502613225425010e-07
1.825000000000000000e+03 3.923635326500632193e-07
1.824000000000000000e+03 4.687377098218359949e-07
1.823000000000000000e+03 5.603180393963477439e-07
1.822000000000000000e+03 6.636331861777491068e-07
1.821000000000000000e+03 7.872454195546376675e-07
1.820000000000000000e+03 9.238273251667862588e-07
1.819000000000000000e+03 1.083870528025497955e-06
1.818000000000000000e+03 1.262965122258188480e-06
1.817000000000000000e+03 1.465406668649779753e-06
1.816000000000000000e+03 1.699066796108428692e-06
1.815000000000000000e+03 1.957238664692353871e-06
1.814000000000000000e+03 2.265104240707830972e-06
1.813000000000000000e+03 2.607773293598675097e-06
1.812000000000000000e+03 3.021224609590068761e-06
1.811000000000000000e+03 3.499717595822260739e-06
1.810000000000000000e+03 4.072461533255015027e-06
1.809000000000000000e+03 4.768573805170451109e-06
1.808000000000000000e+03 5.598647153539694148e-06
1.807000000000000000e+03 6.646503180254164849e-06
1.806000000000000000e+03 7.912351814868414339e-06
1.805000000000000000e+03 9.539289133784725788e-06
1.804000000000000000e+03 1.155782514770563558e-05
1.803000000000000000e+03 1.416068185791935468e-05
1.802000000000000000e+03 1.750420883345129514e-05
1.801000000000000000e+03 2.180672479035217372e-05
1.800000000000000000e+03 2.747679157109728353e-05
1.799000000000000000e+03 3.477203124370965783e-05
1.798000000000000000e+03 4.443926567697364520e-05
1.797000000000000000e+03 5.675752279649377114e-05
1.796000000000000000e+03 7.265339208892744409e-05
1.795000000000000000e+03 9.213428316899649332e-05
1.794000000000000000e+03 1.153251871531632176e-04
1.793000000000000000e+03 1.412084779525520821e-04
1.792000000000000000e+03 1.675860805296521515e-04
1.791000000000000000e+03 1.926456304568346836e-04
1.790000000000000000e+03 2.129957141387575723e-04
1.789000000000000000e+03 2.285887403729655999e-04
1.788000000000000000e+03 2.379903373419976959e-04
1.787000000000000000e+03 2.433994494467379293e-04
1.786000000000000000e+03 2.451779298620942386e-04
1.785000000000000000e+03 2.452974915537468772e-04
1.784000000000000000e+03 2.444551604470023942e-04
1.783000000000000000e+03 2.431724695366817746e-04
1.782000000000000000e+03 2.423597165458104944e-04
1.781000000000000000e+03 2.412897230608571195e-04
1.780000000000000000e+03 2.410982181112139328e-04
1.779000000000000000e+03 2.407594213460639994e-04
1.778000000000000000e+03 2.411443213106899083e-04
1.777000000000000000e+03 2.414966027757046009e-04
1.776000000000000000e+03 2.423147304412825846e-04
1.775000000000000000e+03 2.433463485542425948e-04
1.774000000000000000e+03 2.446422760331986787e-04
1.773000000000000000e+03 2.462997057909252236e-04
1.772000000000000000e+03 2.481269503932731295e-04
1.771000000000000000e+03 2.504757813541403006e-04
1.770000000000000000e+03 2.529328904032337121e-04
1.769000000000000000e+03 2.558855254116008037e-04
1.768000000000000000e+03 2.588620949122741148e-04
1.767000000000000000e+03 2.623317219685081768e-04
1.766000000000000000e+03 2.657300233874507135e-04
1.765000000000000000e+03 2.693867855320953566e-04
1.764000000000000000e+03 2.729948605780762303e-04
1.763000000000000000e+03 2.766367607318869610e-04
1.762000000000000000e+03 2.801997126627432362e-04
1.761000000000000000e+03 2.835451964735460472e-04
1.760000000000000000e+03 2.867957108049441544e-04
1.759000000000000000e+03 2.898293578876356166e-04
1.758000000000000000e+03 2.925663515036503685e-04
1.757000000000000000e+03 2.951349685802357207e-04
1.756000000000000000e+03 2.973390272499147613e-04
1.755000000000000000e+03 2.994263900392687755e-04
1.754000000000000000e+03 3.010568892103257727e-04
1.753000000000000000e+03 3.025996012909390443e-04
1.752000000000000000e+03 3.036573154693206797e-04
1.751000000000000000e+03 3.044703852560416853e-04
1.750000000000000000e+03 3.050010145379839920e-04
1.749000000000000000e+03 3.050130494002826131e-04
1.748000000000000000e+03 3.048017503927245722e-04
1.747000000000000000e+03 3.039885591090010037e-04
1.746000000000000000e+03 3.030534067846660782e-04
1.745000000000000000e+03 3.012410750242655523e-04
1.744000000000000000e+03 2.994906163286244964e-04
1.743000000000000000e+03 2.968519645166263379e-04
1.742000000000000000e+03 2.944310212242651843e-04
1.741000000000000000e+03 2.910549084870441201e-04
1.740000000000000000e+03 2.879341905169279154e-04
1.739000000000000000e+03 2.841533456956624594e-04
1.738000000000000000e+03 2.806617143704175045e-04
1.737000000000000000e+03 2.766287419111359419e-04
1.736000000000000000e+03 2.729896155223434468e-04
1.735000000000000000e+03 2.691208489844891809e-04
1.734000000000000000e+03 2.655509034073286309e-04
1.733000000000000000e+03 2.619948057066182165e-04
1.732000000000000000e+03 2.586101355931200575e-04
1.731000000000000000e+03 2.556187957834249328e-04
1.730000000000000000e+03 2.526449774703954797e-04
1.729000000000000000e+03 2.502687919824421350e-04
1.728000000000000000e+03 2.477549412674492240e-04
1.727000000000000000e+03 2.461199346016637937e-04
1.726000000000000000e+03 2.441413978957577570e-04
1.725000000000000000e+03 2.432835101357833693e-04
1.724000000000000000e+03 2.418913999118937669e-04
1.723000000000000000e+03 2.417890777986363604e-04
1.722000000000000000e+03 2.410410675074096812e-04
1.721000000000000000e+03 2.417381658040350476e-04
1.720000000000000000e+03 2.416917025669919024e-04
1.719000000000000000e+03 2.431194815113062245e-04
1.718000000000000000e+03 2.437884562874570004e-04
1.717000000000000000e+03 2.458919197942186895e-04
1.716000000000000000e+03 2.472402267079572822e-04
1.715000000000000000e+03 2.499850148509603995e-04
1.714000000000000000e+03 2.519468640385406021e-04
1.713000000000000000e+03 2.550992024937247010e-04
1.712000000000000000e+03 2.575230724759285323e-04
1.711000000000000000e+03 2.609476927834789473e-04
1.710000000000000000e+03 2.636047009564004731e-04
1.709000000000000000e+03 2.670533313853752557e-04
1.708000000000000000e+03 2.697064659470092569e-04
1.707000000000000000e+03 2.728510859856374000e-04
1.706000000000000000e+03 2.752376629969497746e-04
1.705000000000000000e+03 2.779508754373569992e-04
1.704000000000000000e+03 2.798364649276609273e-04
1.703000000000000000e+03 2.818221459634005863e-04
1.702000000000000000e+03 2.830477206856920887e-04
1.701000000000000000e+03 2.841762815098988586e-04
1.700000000000000000e+03 2.846892468745269768e-04
1.699000000000000000e+03 2.849423420875274102e-04
1.698000000000000000e+03 2.846657123325320167e-04
1.697000000000000000e+03 2.840723965356237407e-04
1.696000000000000000e+03 2.831017977340731474e-04
1.695000000000000000e+03 2.817511629544775008e-04
1.694000000000000000e+03 2.801719763076753952e-04
1.693000000000000000e+03 2.781916331286664172e-04
1.692000000000000000e+03 2.760622588997292248e-04
1.691000000000000000e+03 2.735090232202811800e-04
1.690000000000000000e+03 2.709328824411149587e-04
1.689000000000000000e+03 2.680246355266360445e-04
1.688000000000000000e+03 2.650287499096899528e-04
1.687000000000000000e+03 2.618524425033470879e-04
1.686000000000000000e+03 2.586270115866292686e-04
1.685000000000000000e+03 2.553669237195667460e-04
1.684000000000000000e+03 2.520745599894606446e-04
1.683000000000000000e+03 2.489962882281724211e-04
1.682000000000000000e+03 2.458198810023266867e-04
1.681000000000000000e+03 2.431378596834411472e-04
1.680000000000000000e+03 2.403640538897546019e-04
1.679000000000000000e+03 2.383315763912725665e-04
1.678000000000000000e+03 2.361675286541709668e-04
1.677000000000000000e+03 2.351087596965249933e-04
1.676000000000000000e+03 2.337662925442631715e-04
1.675000000000000000e+03 2.338974701787399906e-04
1.674000000000000000e+03 2.334703782009115867e-04
1.673000000000000000e+03 2.349380480286981444e-04
1.672000000000000000e+03 2.355590654850738376e-04
1.671000000000000000e+03 2.382662539898604737e-04
1.670000000000000000e+03 2.398815245614400234e-04
1.669000000000000000e+03 2.438830617847704651e-04
1.668000000000000000e+03 2.462613880325840976e-04
1.667000000000000000e+03 2.513423726097919184e-04
1.666000000000000000e+03 2.542868680358334769e-04
1.665000000000000000e+03 2.600938717061746690e-04
1.664000000000000000e+03 2.633634966655680671e-04
1.663000000000000000e+03 2.695004925662554071e-04
1.662000000000000000e+03 2.727055254728983063e-04
1.661000000000000000e+03 2.788325905925001600e-04
1.660000000000000000e+03 2.817045112494217835e-04
1.659000000000000000e+03 2.873882634747114157e-04
1.658000000000000000e+03 2.898330745051790188e-04
1.657000000000000000e+03 2.946093331959455364e-04
1.656000000000000000e+03 2.963920681470409387e-04
1.655000000000000000e+03 2.999565836240305995e-04
1.654000000000000000e+03 3.011095352225616169e-04
1.653000000000000000e+03 3.031088270405067836e-04
1.652000000000000000e+03 3.036591107364807092e-04
1.651000000000000000e+03 3.039137216827493700e-04
1.650000000000000000e+03 3.037916708867542236e-04
1.649000000000000000e+03 3.021270316516160774e-04
1.648000000000000000e+03 3.014234748561091769e-04
1.647000000000000000e+03 2.979198440606737361e-04
1.646000000000000000e+03 2.964556843810919927e-04
1.645000000000000000e+03 2.913289622966302788e-04
1.644000000000000000e+03 2.891876984432970076e-04
1.643000000000000000e+03 2.827802795822577354e-04
1.642000000000000000e+03 2.799156459635172064e-04
1.641000000000000000e+03 2.728569212250411065e-04
1.640000000000000000e+03 2.692464123774278360e-04
1.639000000000000000e+03 2.623499340616109268e-04
1.638000000000000000e+03 2.580815839693703759e-04
1.637000000000000000e+03 2.519541829588681963e-04
1.636000000000000000e+03 2.473234111432471368e-04
1.635000000000000000e+03 2.425634039896466419e-04
1.634000000000000000e+03 2.378858405427529030e-04
1.633000000000000000e+03 2.348341647968658593e-04
1.632000000000000000e+03 2.305178127436399282e-04
1.631000000000000000e+03 2.293757019615913441e-04
1.630000000000000000e+03 2.257979418504550966e-04
1.629000000000000000e+03 2.264173960266821484e-04
1.628000000000000000e+03 2.240602253876529241e-04
1.627000000000000000e+03 2.260008690632538337e-04
1.626000000000000000e+03 2.252823886099969810e-04
1.625000000000000000e+03 2.279398772227371592e-04
1.624000000000000000e+03 2.292159984215221685e-04
1.623000000000000000e+03 2.318966795187431577e-04
1.622000000000000000e+03 2.352204316999570194e-04
1.621000000000000000e+03 2.375326758762275590e-04
1.620000000000000000e+03 2.425643560649314902e-04
1.619000000000000000e+03 2.443071927940743018e-04
1.618000000000000000e+03 2.503502184044678917e-04
1.617000000000000000e+03 2.518730125816695986e-04
1.616000000000000000e+03 2.577901878030900654e-04
1.615000000000000000e+03 2.596004529707543517e-04
1.614000000000000000e+03 2.642546141212110322e-04
1.613000000000000000e+03 2.668992687572136618e-04
1.612000000000000000e+03 2.693275066288574964e-04
1.611000000000000000e+03 2.728821616494772856e-04
1.610000000000000000e+03 2.728860677931189537e-04
1.609000000000000000e+03 2.768131377689818720e-04
1.608000000000000000e+03 2.749276656580205177e-04
1.607000000000000000e+03 2.778890241719380737e-04
1.606000000000000000e+03 2.753200960906304747e-04
1.605000000000000000e+03 2.759723429827851105e-04
1.604000000000000000e+03 2.738050230578712710e-04
1.603000000000000000e+03 2.713343138643624797e-04
1.602000000000000000e+03 2.700442426458835206e-04
1.601000000000000000e+03 2.648401918829679756e-04
1.600000000000000000e+03 2.640470355172923420e-04
1.599000000000000000e+03 2.575630323306757211e-04
1.598000000000000000e+03 2.560964743948787223e-04
1.597000000000000000e+03 2.504310905744817949e-04
1.596000000000000000e+03 2.474242245726695371e-04
1.595000000000000000e+03 2.440426241342334777e-04
1.594000000000000000e+03 2.395293405220257413e-04
1.593000000000000000e+03 2.387458561304069431e-04
1.592000000000000000e+03 2.339276939873213975e-04
1.591000000000000000e+03 2.348493593274852476e-04
1.590000000000000000e+03 2.317260305632141742e-04
1.589000000000000000e+03 2.328578432810592092e-04
1.588000000000000000e+03 2.331170175623725066e-04
1.587000000000000000e+03 2.335597811005708790e-04
1.586000000000000000e+03 2.373731342055200480e-04
1.585000000000000000e+03 2.375120952533072750e-04
1.584000000000000000e+03 2.434954070603450248e-04
1.583000000000000000e+03 2.448651451048407214e-04
1.582000000000000000e+03 2.504900746236197518e-04
1.581000000000000000e+03 2.546830553360077088e-04
1.580000000000000000e+03 2.580494929092802276e-04
1.579000000000000000e+03 2.650421484487766556e-04
1.578000000000000000e+03 2.663815584473513466e-04
1.577000000000000000e+03 2.737530680741436591e-04
1.576000000000000000e+03 2.753844160220454717e-04
1.575000000000000000e+03 2.798485249382265351e-04
1.574000000000000000e+03 2.835808059634356581e-04
1.573000000000000000e+03 2.836992592448180995e-04
1.572000000000000000e+03 2.889071146549065851e-04
1.571000000000000000e+03 2.863749655933826963e-04
1.570000000000000000e+03 2.896724389057166627e-04
1.569000000000000000e+03 2.880372688766747163e-04
1.568000000000000000e+03 2.863182078185092872e-04
1.567000000000000000e+03 2.870052095075183293e-04
1.566000000000000000e+03 2.810812066075994383e-04
1.565000000000000000e+03 2.818606440583719440e-04
1.564000000000000000e+03 2.757610511906105795e-04
1.563000000000000000e+03 2.729198482106332349e-04
1.562000000000000000e+03 2.700739155097030557e-04
1.561000000000000000e+03 2.632183460134272877e-04
1.560000000000000000e+03 2.628720622836438320e-04
1.559000000000000000e+03 2.557690182216825554e-04
1.558000000000000000e+03 2.541920233091476706e-04
1.557000000000000000e+03 2.512771937167990037e-04
1.556000000000000000e+03 2.466194561506655845e-04
1.555000000000000000e+03 2.481526569174090520e-04
1.554000000000000000e+03 2.432493121498287866e-04
1.553000000000000000e+03 2.449618674851649475e-04
1.552000000000000000e+03 2.444251122675270807e-04
1.551000000000000000e+03 2.429782603741310865e-04
1.550000000000000000e+03 2.471381263095842021e-04
1.549000000000000000e+03 2.443711024369827874e-04
1.548000000000000000e+03 2.482291844622409307e-04
1.547000000000000000e+03 2.488761853537363000e-04
1.546000000000000000e+03 2.479577542068151495e-04
1.545000000000000000e+03 2.523364522462448250e-04
1.544000000000000000e+03 2.487654835017210492e-04
1.543000000000000000e+03 2.512570261766257102e-04
1.542000000000000000e+03 2.505998478441316029e-04
1.541000000000000000e+03 2.471542646562348332e-04
1.540000000000000000e+03 2.496106614363502343e-04
1.539000000000000000e+03 2.442501462131214181e-04
1.538000000000000000e+03 2.442767038896591554e-04
1.537000000000000000e+03 2.434436395388221079e-04
1.536000000000000000e+03 2.389334005916546398e-04
1.535000000000000000e+03 2.422476359966186917e-04
1.534000000000000000e+03 2.394180031594048976e-04
1.533000000000000000e+03 2.411612516727659511e-04
1.532000000000000000e+03 2.459817251567269179e-04
1.531000000000000000e+03 2.458680412937329167e-04
1.530000000000000000e+03 2.549889290883685690e-04
1.529000000000000000e+03 2.599452518382268460e-04
1.528000000000000000e+03 2.658921333018926308e-04
1.527000000000000000e+03 2.780748990562993054e-04
1.526000000000000000e+03 2.813847479202838398e-04
1.525000000000000000e+03 2.913103588010182215e-04
1.524000000000000000e+03 2.978558781314026354e-04
1.523000000000000000e+03 2.969757407057716154e-04
1.522000000000000000e+03 3.025880683264864065e-04
1.521000000000000000e+03 2.958779534776895433e-04
1.520000000000000000e+03 2.886738059539895062e-04
1.519000000000000000e+03 2.825542985613302459e-04
1.518000000000000000e+03 2.657028982183207242e-04
1.517000000000000000e+03 2.577789801773898936e-04
1.516000000000000000e+03 2.517658289736894291e-04
1.515000000000000000e+03 2.523424119971912636e-04
1.514000000000000000e+03 2.803792697507063439e-04
1.513000000000000000e+03 3.286145881995255666e-04
1.512000000000000000e+03 4.177928347000646014e-04
1.511000000000000000e+03 5.658489524729735194e-04
1.510000000000000000e+03 7.462139562679629464e-04
1.509000000000000000e+03 9.966713062926808604e-04
1.508000000000000000e+03 1.286244082854139320e-03
1.507000000000000000e+03 1.552349726609237365e-03
1.506000000000000000e+03 1.866908113509705130e-03
1.505000000000000000e+03 2.109503682998512333e-03
1.504000000000000000e+03 2.282750910214176223e-03
1.503000000000000000e+03 2.489418500760462363e-03
1.502000000000000000e+03 2.558813425958905360e-03
1.501000000000000000e+03 2.620329907186650688e-03
1.500000000000000000e+03 2.715543533679116908e-03
1.499000000000000000e+03 2.680922141520523678e-03
1.498000000000000000e+03 2.712408566180089711e-03
1.497000000000000000e+03 2.752989501644164533e-03
1.496000000000000000e+03 2.690694101660131687e-03
1.495000000000000000e+03 2.735884594348795065e-03
1.494000000000000000e+03 2.750842257713171420e-03
1.493000000000000000e+03 2.696286449636846848e-03
1.492000000000000000e+03 2.762119672261722798e-03
1.491000000000000000e+03 2.761442206364535506e-03
1.490000000000000000e+03 2.727440406134688192e-03
1.489000000000000000e+03 2.807570218207477812e-03
1.488000000000000000e+03 2.796619340001374465e-03
1.487000000000000000e+03 2.783940923606827676e-03
1.486000000000000000e+03 2.872511130762341828e-03
1.485000000000000000e+03 2.854791145899317987e-03
1.484000000000000000e+03 2.862250707471736353e-03
1.483000000000000000e+03 2.955085267747081974e-03
1.482000000000000000e+03 2.936064485555987726e-03
1.481000000000000000e+03 2.962917861377245814e-03
1.480000000000000000e+03 3.063439687917971551e-03
1.479000000000000000e+03 3.053319663069404156e-03
1.478000000000000000e+03 3.104861600096771746e-03
1.477000000000000000e+03 3.226168980135516763e-03
1.476000000000000000e+03 3.240265192842536630e-03
1.475000000000000000e+03 3.325383346411981030e-03
1.474000000000000000e+03 3.476091092843587149e-03
1.473000000000000000e+03 3.518766620124995619e-03
1.472000000000000000e+03 3.625380694833151615e-03
1.471000000000000000e+03 3.789086270672096819e-03
1.470000000000000000e+03 3.842996179055277982e-03
1.469000000000000000e+03 3.948178047136459770e-03
1.468000000000000000e+03 4.107293737541708838e-03
1.467000000000000000e+03 4.176771541610079831e-03
1.466000000000000000e+03 4.287755312686706254e-03
1.465000000000000000e+03 4.456464674989340721e-03
1.464000000000000000e+03 4.564424815469884412e-03
1.463000000000000000e+03 4.702024069187332907e-03
1.462000000000000000e+03 4.893335757193945090e-03
1.461000000000000000e+03 5.048152904466089025e-03
1.460000000000000000e+03 5.212204863938720706e-03
1.459000000000000000e+03 5.419778099046134237e-03
1.458000000000000000e+03 5.599392671098022550e-03
1.457000000000000000e+03 5.771229005528904707e-03
1.456000000000000000e+03 5.965814654489445985e-03
1.455000000000000000e+03 6.136933567003941860e-03
1.454000000000000000e+03 6.282570761641284238e-03
1.453000000000000000e+03 6.430586269636055091e-03
1.452000000000000000e+03 6.555534369555683812e-03
1.451000000000000000e+03 6.646619634468784246e-03
1.450000000000000000e+03 6.722181441116079244e-03
1.449000000000000000e+03 6.776657413837410687e-03
1.448000000000000000e+03 6.793399995684218547e-03
1.447000000000000000e+03 6.787176609781249599e-03
1.446000000000000000e+03 6.760505599468522551e-03
1.445000000000000000e+03 6.705507252867187566e-03
1.444000000000000000e+03 6.631231738038339228e-03
1.443000000000000000e+03 6.547887358480653647e-03
1.442000000000000000e+03 6.452232649983530126e-03
1.441000000000000000e+03 6.349283635839978596e-03
1.440000000000000000e+03 6.249086079053152963e-03
1.439000000000000000e+03 6.151722837002868149e-03
1.438000000000000000e+03 6.054350778374534107e-03
1.437000000000000000e+03 5.967885527352969482e-03
1.436000000000000000e+03 5.892799054276746072e-03
1.435000000000000000e+03 5.822680066739556806e-03
1.434000000000000000e+03 5.764968300166603901e-03
1.433000000000000000e+03 5.723296976866994526e-03
1.432000000000000000e+03 5.695508343386442712e-03
1.431000000000000000e+03 5.678684536644103970e-03
1.430000000000000000e+03 5.681955464133767696e-03
1.429000000000000000e+03 5.705076451270461868e-03
1.428000000000000000e+03 5.741451820563241333e-03
1.427000000000000000e+03 5.797480209932179100e-03
1.426000000000000000e+03 5.876243749550355555e-03
1.425000000000000000e+03 5.972732461383674016e-03
1.424000000000000000e+03 6.086347365281180068e-03
1.423000000000000000e+03 6.223171165665678656e-03
1.422000000000000000e+03 6.379043769872066311e-03
1.421000000000000000e+03 6.549007983134322135e-03
1.420000000000000000e+03 6.738499809954492589e-03
1.419000000000000000e+03 6.945847260495487813e-03
1.418000000000000000e+03 7.163282048828104737e-03
1.417000000000000000e+03 7.386315585537642746e-03
1.416000000000000000e+03 7.618143970648755779e-03
1.415000000000000000e+03 7.849580658053530169e-03
1.414000000000000000e+03 8.064753892769144228e-03
1.413000000000000000e+03 8.261537628598223174e-03
1.412000000000000000e+03 8.430130777583750082e-03
1.411000000000000000e+03 8.553415243620529976e-03
1.410000000000000000e+03 8.616633979537742863e-03
1.409000000000000000e+03 8.621258730816348109e-03
1.408000000000000000e+03 8.559454329870642281e-03
1.407000000000000000e+03 8.422334031262711240e-03
1.406000000000000000e+03 8.213963127646734669e-03
1.405000000000000000e+03 7.953797279771220377e-03
1.404000000000000000e+03 7.651773003903660983e-03
1.403000000000000000e+03 7.311780496253965367e-03
1.402000000000000000e+03 6.954346708153415386e-03
1.401000000000000000e+03 6.598242324269841703e-03
1.400000000000000000e+03 6.249973345157639262e-03
1.399000000000000000e+03 5.915101779409535909e-03
1.398000000000000000e+03 5.605817710772366229e-03
1.397000000000000000e+03 5.327387661150116693e-03
1.396000000000000000e+03 5.078719635871688405e-03
1.395000000000000000e+03 4.857481400533552804e-03
1.394000000000000000e+03 4.669454916647012600e-03
1.393000000000000000e+03 4.514151864494146509e-03
1.392000000000000000e+03 4.386360994482974007e-03
1.391000000000000000e+03 4.284101640693949511e-03
1.390000000000000000e+03 4.208224085149218398e-03
1.389000000000000000e+03 4.160545995999610780e-03
1.388000000000000000e+03 4.135523179245323769e-03
1.387000000000000000e+03 4.134433567531354235e-03
1.386000000000000000e+03 4.157194212269882568e-03
1.385000000000000000e+03 4.207996823097461155e-03
1.384000000000000000e+03 4.284680761429455857e-03
1.383000000000000000e+03 4.389355506514763458e-03
1.382000000000000000e+03 4.525822744210376142e-03
1.381000000000000000e+03 4.699057276838630552e-03
1.380000000000000000e+03 4.913994296949642480e-03
1.379000000000000000e+03 5.174001978385711110e-03
1.378000000000000000e+03 5.488066207938974844e-03
1.377000000000000000e+03 5.866158755031260393e-03
1.376000000000000000e+03 6.318204217014963299e-03
1.375000000000000000e+03 6.857199617262053556e-03
1.374000000000000000e+03 7.498281690986074652e-03
1.373000000000000000e+03 8.259870487592734303e-03
1.372000000000000000e+03 9.159596079254843023e-03
1.371000000000000000e+03 1.020629890596669656e-02
1.370000000000000000e+03 1.139751727002570082e-02
1.369000000000000000e+03 1.268785969286269702e-02
1.368000000000000000e+03 1.400195365441436399e-02
1.367000000000000000e+03 1.523714500004797953e-02
1.366000000000000000e+03 1.624854271514730372e-02
1.365000000000000000e+03 1.685847565829578718e-02
1.364000000000000000e+03 1.690535100268821325e-02
1.363000000000000000e+03 1.632220757706494274e-02
1.362000000000000000e+03 1.519379854462295579e-02
1.361000000000000000e+03 1.371515891010188608e-02
1.360000000000000000e+03 1.210216887342767389e-02
1.359000000000000000e+03 1.052737331307023079e-02
1.358000000000000000e+03 9.092288388157412915e-03
1.357000000000000000e+03 7.842628580728542437e-03
1.356000000000000000e+03 6.779780715332942194e-03
1.355000000000000000e+03 5.890758085512957237e-03
1.354000000000000000e+03 5.152652848410404184e-03
1.353000000000000000e+03 4.542658120521618492e-03
1.352000000000000000e+03 4.038448842210071686e-03
1.351000000000000000e+03 3.620249166838082708e-03
1.350000000000000000e+03 3.274848608903673484e-03
1.349000000000000000e+03 2.987314283842680291e-03
1.348000000000000000e+03 2.749221191947712542e-03
1.347000000000000000e+03 2.550882935135311610e-03
1.346000000000000000e+03 2.386599884900918265e-03
1.345000000000000000e+03 2.251150551595544787e-03
1.344000000000000000e+03 2.139313684494962772e-03
1.343000000000000000e+03 2.048167438122201756e-03
1.342000000000000000e+03 1.975836802633333406e-03
1.341000000000000000e+03 1.919487416425241831e-03
1.340000000000000000e+03 1.878819689577124891e-03
1.339000000000000000e+03 1.852427940827297819e-03
1.338000000000000000e+03 1.839802186445012181e-03
1.337000000000000000e+03 1.841814949207010730e-03
1.336000000000000000e+03 1.858772496535882361e-03
1.335000000000000000e+03 1.891027815106957827e-03
1.334000000000000000e+03 1.940717828429210003e-03
1.333000000000000000e+03 2.009366694334024581e-03
1.332000000000000000e+03 2.099706218243808237e-03
1.331000000000000000e+03 2.214930424739905944e-03
1.330000000000000000e+03 2.359371994444782027e-03
1.329000000000000000e+03 2.538060145527163639e-03
1.328000000000000000e+03 2.760237201987123228e-03
1.327000000000000000e+03 3.037724748742926060e-03
1.326000000000000000e+03 3.386257145495695942e-03
1.325000000000000000e+03 3.830089171699982854e-03
1.324000000000000000e+03 4.404251880554401616e-03
1.323000000000000000e+03 5.161179800405001072e-03
1.322000000000000000e+03 6.171841178463298785e-03
1.321000000000000000e+03 7.498183289317431402e-03
1.320000000000000000e+03 9.080513792347385746e-03
1.319000000000000000e+03 1.079166506942664215e-02
1.318000000000000000e+03 1.277690205462019869e-02
1.317000000000000000e+03 1.525964108575188563e-02
1.316000000000000000e+03 1.805530160041598012e-02
1.315000000000000000e+03 2.050188587832361270e-02
1.314000000000000000e+03 2.166511450949602097e-02
1.313000000000000000e+03 2.097771952491435041e-02
1.312000000000000000e+03 1.878797540757913553e-02
1.311000000000000000e+03 1.596646594427395677e-02
1.310000000000000000e+03 1.323615703046227346e-02
1.309000000000000000e+03 1.091192990282929300e-02
1.308000000000000000e+03 9.059212458629317330e-03
1.307000000000000000e+03 7.620254295329485610e-03
1.306000000000000000e+03 6.511356796257493362e-03
1.305000000000000000e+03 5.660435711186927177e-03
1.304000000000000000e+03 5.002145659476452122e-03
1.303000000000000000e+03 4.493384111863524093e-03
1.302000000000000000e+03 4.098562929726731405e-03
1.301000000000000000e+03 3.794611563258473968e-03
1.300000000000000000e+03 3.563405249901056403e-03
1.299000000000000000e+03 3.391861243096731902e-03
1.298000000000000000e+03 3.271741452216700170e-03
1.297000000000000000e+03 3.197076631717220719e-03
1.296000000000000000e+03 3.166768001484228899e-03
1.295000000000000000e+03 3.180240215024346829e-03
1.294000000000000000e+03 3.241270798180347860e-03
1.293000000000000000e+03 3.358272921982027436e-03
1.292000000000000000e+03 3.544944736685859410e-03
1.291000000000000000e+03 3.828882040663361165e-03
1.290000000000000000e+03 4.261193637928543249e-03
1.289000000000000000e+03 4.925813114341387293e-03
1.288000000000000000e+03 5.883023621212614580e-03
1.287000000000000000e+03 6.788479375027306993e-03
1.286000000000000000e+03 7.041632488022549381e-03
1.285000000000000000e+03 7.163514441754968709e-03
1.284000000000000000e+03 7.704982938443520786e-03
1.283000000000000000e+03 8.728586220184641337e-03
1.282000000000000000e+03 1.024273353310320780e-02
1.281000000000000000e+03 1.228209489332268353e-02
1.280000000000000000e+03 1.484808457172888917e-02
1.279000000000000000e+03 1.775373624299415865e-02
1.278000000000000000e+03 2.042608525345891712e-02
1.277000000000000000e+03 2.192967811980061840e-02
1.276000000000000000e+03 2.152537172018689771e-02
1.275000000000000000e+03 1.940156055610783511e-02
1.274000000000000000e+03 1.645946831929100476e-02
1.273000000000000000e+03 1.354066439491679631e-02
1.272000000000000000e+03 1.105812380858665900e-02
1.271000000000000000e+03 9.088137047490597864e-03
1.270000000000000000e+03 7.571571358569131015e-03
1.269000000000000000e+03 6.415218486738800616e-03
1.268000000000000000e+03 5.535793566964798684e-03
1.267000000000000000e+03 4.865829730081420133e-03
1.266000000000000000e+03 4.357272391033181237e-03
1.265000000000000000e+03 3.977346558461361016e-03
1.264000000000000000e+03 3.703366998714497423e-03
1.263000000000000000e+03 3.523781333823444717e-03
1.262000000000000000e+03 3.441485242800100975e-03
1.261000000000000000e+03 3.473523670313948073e-03
1.260000000000000000e+03 3.621741901059031144e-03
1.259000000000000000e+03 3.726163967546518383e-03
1.258000000000000000e+03 3.550424724560624547e-03
1.257000000000000000e+03 3.329109744964320501e-03
1.256000000000000000e+03 3.247115763246250127e-03
1.255000000000000000e+03 3.287769397275461941e-03
1.254000000000000000e+03 3.423172017099967209e-03
1.253000000000000000e+03 3.646123525370737611e-03
1.252000000000000000e+03 3.964808394712326413e-03
1.251000000000000000e+03 4.397878113587173551e-03
1.250000000000000000e+03 4.980584471293017339e-03
1.249000000000000000e+03 5.757175838494968563e-03
1.248000000000000000e+03 6.795537673490086548e-03
1.247000000000000000e+03 8.176284666079104008e-03
1.246000000000000000e+03 9.982340934113414360e-03
1.245000000000000000e+03 1.223951572846552864e-02
1.244000000000000000e+03 1.476122928542050218e-02
1.243000000000000000e+03 1.694114520667724250e-02
1.242000000000000000e+03 1.780175789266044001e-02
1.241000000000000000e+03 1.675918599185527783e-02
1.240000000000000000e+03 1.432362491191057317e-02
1.239000000000000000e+03 1.152218946883188343e-02
1.238000000000000000e+03 9.049757780122269155e-03
1.237000000000000000e+03 7.104533167544212560e-03
1.236000000000000000e+03 5.646419764798626083e-03
1.235000000000000000e+03 4.565426407230704919e-03
1.234000000000000000e+03 3.762466707247192569e-03
1.233000000000000000e+03 3.157807132224628704e-03
1.232000000000000000e+03 2.696795716896411253e-03
1.231000000000000000e+03 2.340305610445741688e-03
1.230000000000000000e+03 2.062365400946615784e-03
1.229000000000000000e+03 1.842553794271667563e-03
1.228000000000000000e+03 1.669119484762894481e-03
1.227000000000000000e+03 1.531380575730974551e-03
1.226000000000000000e+03 1.422822747408562360e-03
1.225000000000000000e+03 1.337868374492927207e-03
1.224000000000000000e+03 1.272710524524799710e-03
1.223000000000000000e+03 1.224113007092593854e-03
1.222000000000000000e+03 1.189586250468716369e-03
1.221000000000000000e+03 1.167632427017793566e-03
1.220000000000000000e+03 1.156866367166491539e-03
1.219000000000000000e+03 1.156463431220308962e-03
1.218000000000000000e+03 1.166407334269873230e-03
1.217000000000000000e+03 1.186744835818554986e-03
1.216000000000000000e+03 1.218058429951093986e-03
1.215000000000000000e+03 1.261853823860897318e-03
1.214000000000000000e+03 1.319681921522072475e-03
1.213000000000000000e+03 1.393681892181483769e-03
1.212000000000000000e+03 1.486916595120747839e-03
1.211000000000000000e+03 1.603148105073704281e-03
1.210000000000000000e+03 1.747333633677066768e-03
1.209000000000000000e+03 1.925164618731486661e-03
1.208000000000000000e+03 2.145425835110836236e-03
1.207000000000000000e+03 2.418266422680048593e-03
1.206000000000000000e+03 2.759843214732237305e-03
1.205000000000000000e+03 3.190469969433559500e-03
1.204000000000000000e+03 3.740270164909781543e-03
1.203000000000000000e+03 4.447568580270030644e-03
1.202000000000000000e+03 5.368854421426511037e-03
1.201000000000000000e+03 6.574193484739792454e-03
1.200000000000000000e+03 8.154343077513436303e-03
1.199000000000000000e+03 1.020093191836807245e-02
1.198000000000000000e+03 1.276407677132447224e-02
1.197000000000000000e+03 1.575406267456667606e-02
1.196000000000000000e+03 1.880767286596697965e-02
1.195000000000000000e+03 2.124605674899423396e-02
1.194000000000000000e+03 2.234571985747040718e-02
1.193000000000000000e+03 2.186219552623936899e-02
1.192000000000000000e+03 2.020624011281561480e-02
1.191000000000000000e+03 1.803473566051875046e-02
1.190000000000000000e+03 1.586831649060031074e-02
1.189000000000000000e+03 1.396775846216532536e-02
1.188000000000000000e+03 1.241810668459118229e-02
1.187000000000000000e+03 1.120975277213031619e-02
1.186000000000000000e+03 1.031343023603259468e-02
1.185000000000000000e+03 9.711155487026060934e-03
1.184000000000000000e+03 9.407405682318474918e-03
1.183000000000000000e+03 9.458731600010343230e-03
1.182000000000000000e+03 9.956857271284138763e-03
1.181000000000000000e+03 1.084451857019175756e-02
1.180000000000000000e+03 1.149861552548349548e-02
1.179000000000000000e+03 1.130974970598844220e-02
1.178000000000000000e+03 1.071715936592997770e-02
1.177000000000000000e+03 1.027456226087905371e-02
1.176000000000000000e+03 1.012293946541651356e-02
1.175000000000000000e+03 1.023505365240047309e-02
1.174000000000000000e+03 1.057747762882196157e-02
1.173000000000000000e+03 1.113286820051367400e-02
1.172000000000000000e+03 1.189694897908044439e-02
1.171000000000000000e+03 1.289048735337025749e-02
1.170000000000000000e+03 1.414014949479210949e-02
1.169000000000000000e+03 1.567678900966459205e-02
1.168000000000000000e+03 1.758082893854194528e-02
1.167000000000000000e+03 1.994709956058624001e-02
1.166000000000000000e+03 2.289252764869935744e-02
1.165000000000000000e+03 2.657699977925877255e-02
1.164000000000000000e+03 3.120474745634338118e-02
1.163000000000000000e+03 3.702365176275911746e-02
1.162000000000000000e+03 4.435264689132797228e-02
1.161000000000000000e+03 5.360461701818330232e-02
1.160000000000000000e+03 6.519519050438667140e-02
1.159000000000000000e+03 7.955464549713670008e-02
1.158000000000000000e+03 9.714326432198146233e-02
1.157000000000000000e+03 1.180748312015303808e-01
1.156000000000000000e+03 1.419513028083692896e-01
1.155000000000000000e+03 1.673280580958950159e-01
1.154000000000000000e+03 1.918548717044004370e-01
1.153000000000000000e+03 2.125059602948941584e-01
1.152000000000000000e+03 2.271229094296232653e-01
1.151000000000000000e+03 2.353388939066600183e-01
1.150000000000000000e+03 2.387336619220533362e-01
1.149000000000000000e+03 2.391849386982825010e-01
1.148000000000000000e+03 2.381138367807522083e-01
1.147000000000000000e+03 2.356328316282296775e-01
1.146000000000000000e+03 2.311283059765653625e-01
1.145000000000000000e+03 2.226717432153154930e-01
1.144000000000000000e+03 2.074653784130779111e-01
1.143000000000000000e+03 1.828815015053684156e-01
1.142000000000000000e+03 1.491670813363115689e-01
1.141000000000000000e+03 1.114036732980173833e-01
1.140000000000000000e+03 7.712205994243008511e-02
1.139000000000000000e+03 5.143864948510384894e-02
1.138000000000000000e+03 3.498726564501586367e-02
1.137000000000000000e+03 2.555028377214790813e-02
1.136000000000000000e+03 2.049797387116476452e-02
1.135000000000000000e+03 1.787500277547306171e-02
1.134000000000000000e+03 1.655539170539845062e-02
1.133000000000000000e+03 1.598356636866315322e-02
1.132000000000000000e+03 1.592207988010798173e-02
1.131000000000000000e+03 1.624153845550581690e-02
1.130000000000000000e+03 1.684223027038452003e-02
1.129000000000000000e+03 1.761152157225713208e-02
1.128000000000000000e+03 1.842318963186152792e-02
1.127000000000000000e+03 1.914778803803062618e-02
1.126000000000000000e+03 1.968063935110723681e-02
1.125000000000000000e+03 1.995349799112987668e-02
1.124000000000000000e+03 1.994697543410105939e-02
1.123000000000000000e+03 1.967632984599345866e-02
1.122000000000000000e+03 1.920274855768331831e-02
1.121000000000000000e+03 1.860284310691348586e-02
1.120000000000000000e+03 1.796406075155003793e-02
1.119000000000000000e+03 1.737027696653959882e-02
1.118000000000000000e+03 1.689809600016227431e-02
1.117000000000000000e+03 1.658687178881603635e-02
1.116000000000000000e+03 1.646284440812418801e-02
1.115000000000000000e+03 1.652046056824797368e-02
1.114000000000000000e+03 1.673229068462762578e-02
1.113000000000000000e+03 1.706045738347002419e-02
1.112000000000000000e+03 1.745450116232574386e-02
1.111000000000000000e+03 1.786649425174045500e-02
1.110000000000000000e+03 1.824975178127080655e-02
1.109000000000000000e+03 1.857395236172385347e-02
1.108000000000000000e+03 1.881859673953330953e-02
1.107000000000000000e+03 1.898105294690793227e-02
1.106000000000000000e+03 1.906938631688339866e-02
1.105000000000000000e+03 1.911114887882818525e-02
1.104000000000000000e+03 1.913149648516021886e-02
1.103000000000000000e+03 1.915686531177797011e-02
1.102000000000000000e+03 1.920374660679195766e-02
1.101000000000000000e+03 1.928624216083300175e-02
1.100000000000000000e+03 1.939281000988288609e-02
1.099000000000000000e+03 1.950993102472131646e-02
1.098000000000000000e+03 1.962452331399667030e-02
1.097000000000000000e+03 1.970784286475435118e-02
1.096000000000000000e+03 1.974532927598525445e-02
1.095000000000000000e+03 1.972626185900689180e-02
1.094000000000000000e+03 1.965513058319509621e-02
1.093000000000000000e+03 1.953406962074803743e-02
1.092000000000000000e+03 1.937276655640297884e-02
1.091000000000000000e+03 1.919607276916777613e-02
1.090000000000000000e+03 1.901992241656631777e-02
1.089000000000000000e+03 1.886119832001921168e-02
1.088000000000000000e+03 1.873148650927462799e-02
1.087000000000000000e+03 1.864589765133553567e-02
1.086000000000000000e+03 1.861248467384468697e-02
1.085000000000000000e+03 1.864056252715346265e-02
1.084000000000000000e+03 1.872757283059162461e-02
1.083000000000000000e+03 1.886591973344985823e-02
1.082000000000000000e+03 1.904516681921312321e-02
1.081000000000000000e+03 1.924972044703572235e-02
1.080000000000000000e+03 1.945690528765996880e-02
1.079000000000000000e+03 1.964184364963020638e-02
1.078000000000000000e+03 1.979727874137943502e-02
1.077000000000000000e+03 1.990653267508315713e-02
1.076000000000000000e+03 1.998432391503308578e-02
1.075000000000000000e+03 2.003445785379954353e-02
1.074000000000000000e+03 2.007642141223197479e-02
1.073000000000000000e+03 2.011974674721199105e-02
1.072000000000000000e+03 2.018153808715056688e-02
1.071000000000000000e+03 2.025687650020928030e-02
1.070000000000000000e+03 2.032720680845032449e-02
1.069000000000000000e+03 2.037899265965784773e-02
1.068000000000000000e+03 2.038580049869392549e-02
1.067000000000000000e+03 2.033371369110223079e-02
1.066000000000000000e+03 2.021442156601351708e-02
1.065000000000000000e+03 2.001863291486122298e-02
1.064000000000000000e+03 1.975612918623190911e-02
1.063000000000000000e+03 1.943439669007665863e-02
1.062000000000000000e+03 1.906410327630761459e-02
1.061000000000000000e+03 1.865956565044531168e-02
1.060000000000000000e+03 1.824230868779941686e-02
1.059000000000000000e+03 1.783452023506813117e-02
1.058000000000000000e+03 1.746845579328555262e-02
1.057000000000000000e+03 1.717001384079999346e-02
1.056000000000000000e+03 1.697724903008853911e-02
1.055000000000000000e+03 1.690636894528088977e-02
1.054000000000000000e+03 1.696433019557429603e-02
1.053000000000000000e+03 1.712951988370029974e-02
1.052000000000000000e+03 1.737970534485348481e-02
1.051000000000000000e+03 1.765886546341762647e-02
1.050000000000000000e+03 1.792458920189771848e-02
1.049000000000000000e+03 1.812690996816500658e-02
1.048000000000000000e+03 1.822804456575924728e-02
1.047000000000000000e+03 1.820991687779591889e-02
1.046000000000000000e+03 1.808043765632107516e-02
1.045000000000000000e+03 1.784110429475001952e-02
1.044000000000000000e+03 1.751182670870443658e-02
1.043000000000000000e+03 1.711326843436626610e-02
1.042000000000000000e+03 1.668070059569979474e-02
1.041000000000000000e+03 1.624483347936223412e-02
1.040000000000000000e+03 1.585337374743830616e-02
1.039000000000000000e+03 1.554576341706891650e-02
1.038000000000000000e+03 1.536502881973849169e-02
1.037000000000000000e+03 1.533538869611890745e-02
1.036000000000000000e+03 1.545959027013650740e-02
1.035000000000000000e+03 1.572721515336068798e-02
1.034000000000000000e+03 1.609537727188124420e-02
1.033000000000000000e+03 1.651708530832218455e-02
1.032000000000000000e+03 1.693706480464496344e-02
1.031000000000000000e+03 1.730502407697002629e-02
1.030000000000000000e+03 1.759090278978871907e-02
1.029000000000000000e+03 1.777801736159910842e-02
1.028000000000000000e+03 1.786167151541621229e-02
1.027000000000000000e+03 1.785651619236259049e-02
1.026000000000000000e+03 1.776675898500794729e-02
1.025000000000000000e+03 1.762366306014217718e-02
1.024000000000000000e+03 1.744402339622630471e-02
1.023000000000000000e+03 1.726575273707259620e-02
1.022000000000000000e+03 1.713267336923924786e-02
1.021000000000000000e+03 1.707746948946289173e-02
1.020000000000000000e+03 1.711875338101549737e-02
1.019000000000000000e+03 1.725712326742842584e-02
1.018000000000000000e+03 1.746542037380853507e-02
1.017000000000000000e+03 1.770669458086165590e-02
1.016000000000000000e+03 1.792800444399559462e-02
1.015000000000000000e+03 1.808191492870848960e-02
1.014000000000000000e+03 1.815431073578691393e-02
1.013000000000000000e+03 1.814386701530100107e-02
1.012000000000000000e+03 1.808137603305750435e-02
1.011000000000000000e+03 1.799445821567824053e-02
1.010000000000000000e+03 1.792246506593736868e-02
1.009000000000000000e+03 1.788265116665116103e-02
1.008000000000000000e+03 1.790499022156472400e-02
1.007000000000000000e+03 1.799680085450358971e-02
1.006000000000000000e+03 1.818062448884711496e-02
1.005000000000000000e+03 1.846450640511589428e-02
1.004000000000000000e+03 1.884444537763253422e-02
1.003000000000000000e+03 1.929468779190505329e-02
1.002000000000000000e+03 1.976735154572093270e-02
1.001000000000000000e+03 2.018986215448130214e-02
1.000000000000000000e+03 2.049047370577038174e-02
9.990000000000000000e+02 2.059828573662296491e-02
9.980000000000000000e+02 2.049944008814684818e-02
9.970000000000000000e+02 2.019533861038974240e-02
9.960000000000000000e+02 1.973579004217832292e-02
9.950000000000000000e+02 1.916540693549537155e-02
9.940000000000000000e+02 1.854264671002253326e-02
9.930000000000000000e+02 1.792596816784809699e-02
9.920000000000000000e+02 1.737375089101829417e-02
9.910000000000000000e+02 1.695653936294163472e-02
9.900000000000000000e+02 1.673466621885088060e-02
9.890000000000000000e+02 1.675021637009351666e-02
9.880000000000000000e+02 1.701376486396105614e-02
9.870000000000000000e+02 1.748107800886295957e-02
9.860000000000000000e+02 1.807350261994757762e-02
9.850000000000000000e+02 1.867644285762136425e-02
9.840000000000000000e+02 1.919624488903288323e-02
9.830000000000000000e+02 1.955453633783776554e-02
9.820000000000000000e+02 1.974528835946432609e-02
9.810000000000000000e+02 1.978216393506220666e-02
9.800000000000000000e+02 1.968764346023384876e-02
9.790000000000000000e+02 1.948311826123533957e-02
9.780000000000000000e+02 1.918539278080971106e-02
9.770000000000000000e+02 1.882167063173942681e-02
9.760000000000000000e+02 1.844458833333700865e-02
9.750000000000000000e+02 1.811552019093108992e-02
9.740000000000000000e+02 1.788576738832564281e-02
9.730000000000000000e+02 1.776950662116755925e-02
9.720000000000000000e+02 1.773555638113807204e-02
9.710000000000000000e+02 1.771860393693696495e-02
9.700000000000000000e+02 1.766633961822176163e-02
9.690000000000000000e+02 1.753838211883120349e-02
9.680000000000000000e+02 1.734508966877918584e-02
9.670000000000000000e+02 1.711491333870482703e-02
9.660000000000000000e+02 1.688282964711020073e-02
9.650000000000000000e+02 1.667748962315620045e-02
9.640000000000000000e+02 1.653206976603422904e-02
9.630000000000000000e+02 1.650405229748384828e-02
9.620000000000000000e+02 1.665657085192194520e-02
9.610000000000000000e+02 1.699957918854438921e-02
9.600000000000000000e+02 1.748892095787151629e-02
9.590000000000000000e+02 1.800684417584753547e-02
9.580000000000000000e+02 1.842736661127901757e-02
9.570000000000000000e+02 1.867641939871261814e-02
9.560000000000000000e+02 1.874895561315082296e-02
9.550000000000000000e+02 1.863291227663069552e-02
9.540000000000000000e+02 1.826210642704760231e-02
9.530000000000000000e+02 1.762499524002199627e-02
9.520000000000000000e+02 1.687901267514688164e-02
9.510000000000000000e+02 1.617921404124430737e-02
9.500000000000000000e+02 1.502308028279801359e-02
9.490000000000000000e+02 1.192353390573237630e-02
9.480000000000000000e+02 7.187747007438777432e-03
9.470000000000000000e+02 3.490023699447983990e-03
9.460000000000000000e+02 1.564885537736664459e-03
9.450000000000000000e+02 6.889761233216091076e-04
9.440000000000000000e+02 3.014529279310715132e-04
9.430000000000000000e+02 1.324756216116204210e-04
9.420000000000000000e+02 5.956329180401072235e-05
9.410000000000000000e+02 2.792324568383920252e-05
9.400000000000000000e+02 1.385653417249395838e-05
9.390000000000000000e+02 7.364956056139754978e-06
9.380000000000000000e+02 4.236963817549247271e-06
9.370000000000000000e+02 2.654987299504072882e-06
9.360000000000000000e+02 1.811414138251628046e-06
9.350000000000000000e+02 1.335501308929848041e-06
9.340000000000000000e+02 1.050538200984242138e-06
9.330000000000000000e+02 8.723135596790794959e-07
9.320000000000000000e+02 7.639831941074009537e-07
9.310000000000000000e+02 7.192891551560024877e-07
9.300000000000000000e+02 7.543495248433469731e-07
9.290000000000000000e+02 8.950564371975687027e-07
9.280000000000000000e+02 1.153923095235598723e-06
9.270000000000000000e+02 1.511730239922034927e-06
9.260000000000000000e+02 1.934096620621836806e-06
9.250000000000000000e+02 2.415589906968310936e-06
9.240000000000000000e+02 3.027329429237315058e-06
9.230000000000000000e+02 3.959080951260857310e-06
9.220000000000000000e+02 5.486778051279585914e-06
9.210000000000000000e+02 7.171730288427881291e-06
9.200000000000000000e+02 6.312946692221420041e-06
9.190000000000000000e+02 3.424825897128923538e-06
9.180000000000000000e+02 1.618124363326648711e-06
9.170000000000000000e+02 8.271254244352930831e-07
9.160000000000000000e+02 4.731794134511243420e-07
9.150000000000000000e+02 3.002388670891213788e-07
9.140000000000000000e+02 2.087737969238918319e-07
9.130000000000000000e+02 1.570944915160135813e-07
9.120000000000000000e+02 1.281422709847013812e-07
9.110000000000000000e+02 1.109664397442433089e-07
9.100000000000000000e+02 1.007614603809215814e-07
9.090000000000000000e+02 9.370937499678992312e-08
9.080000000000000000e+02 8.706748127858781866e-08
9.070000000000000000e+02 7.891716726708782006e-08
9.060000000000000000e+02 6.883020598191371021e-08
9.050000000000000000e+02 5.817802585785314920e-08
9.040000000000000000e+02 4.865430481671175292e-08
9.030000000000000000e+02 4.104451732839929543e-08
9.020000000000000000e+02 3.563330071345565479e-08
9.010000000000000000e+02 3.215040428925387319e-08
9.000000000000000000e+02 3.069976236330456137e-08
