2.600000000000000000e+03 4.959570920015380215e-09
2.599000000000000000e+03 5.479068812896742722e-09
2.598000000000000000e+03 6.235289295412953941e-09
2.597000000000000000e+03 7.171154217231347262e-09
2.596000000000000000e+03 7.877399828509188490e-09
2.595000000000000000e+03 8.602964914132966148e-09
2.594000000000000000e+03 9.614449100044624892e-09
2.593000000000000000e+03 1.119483134438966437e-08
2.592000000000000000e+03 1.274501444460048569e-08
2.591000000000000000e+03 1.412669885066521087e-08
2.590000000000000000e+03 1.542898613150367251e-08
2.589000000000000000e+03 1.762947262365910293e-08
2.588000000000000000e+03 2.028915292747395503e-08
2.587000000000000000e+03 2.291759856654634928e-08
2.586000000000000000e+03 2.454975845691272329e-08
2.585000000000000000e+03 2.671224064465574755e-08
2.584000000000000000e+03 2.975064185334825705e-08
2.583000000000000000e+03 3.301696120886474704e-08
2.582000000000000000e+03 3.467578572715124255e-08
2.581000000000000000e+03 3.548021442530630003e-08
2.580000000000000000e+03 3.631394688954528549e-08
2.579000000000000000e+03 3.828691006682258977e-08
2.578000000000000000e+03 3.884085633645011309e-08
2.577000000000000000e+03 3.782449005136072199e-08
2.576000000000000000e+03 3.580433261722123630e-08
2.575000000000000000e+03 3.484571553010101658e-08
2.574000000000000000e+03 3.436118532993578576e-08
2.573000000000000000e+03 3.250459225246486798e-08
2.572000000000000000e+03 2.979078027401104691e-08
2.571000000000000000e+03 2.702576950384812453e-08
2.570000000000000000e+03 2.584582858925782584e-08
2.569000000000000000e+03 2.412177483008792737e-08
2.568000000000000000e+03 2.223779652833174330e-08
2.567000000000000000e+03 1.931817203209272170e-08
2.566000000000000000e+03 1.789548935368803977e-08
2.565000000000000000e+03 1.626091507934799363e-08
2.564000000000000000e+03 1.531321294676280263e-08
2.563000000000000000e+03 1.312979860376654982e-08
2.562000000000000000e+03 1.178550483385009158e-08
2.561000000000000000e+03 1.057923469693128600e-08
2.560000000000000000e+03 9.896207527781763866e-09
2.559000000000000000e+03 8.831713724860632728e-09
2.558000000000000000e+03 7.673191102031426533e-09
2.557000000000000000e+03 6.915608607125758797e-09
2.556000000000000000e+03 6.279835531404704717e-09
2.555000000000000000e+03 5.971941071003625234e-09
2.554000000000000000e+03 5.140494719191566024e-09
2.553000000000000000e+03 4.726764121989160584e-09
2.552000000000000000e+03 4.202617142984553872e-09
2.551000000000000000e+03 4.144884012330337500e-09
2.550000000000000000e+03 3.738223397119852429e-09
2.549000000000000000e+03 3.453118373057473929e-09
2.548000000000000000e+03 3.167593386492742853e-09
2.547000000000000000e+03 3.027896017953880154e-09
2.546000000000000000e+03 3.019341648209771616e-09
2.545000000000000000e+03 2.739581230402385797e-09
2.544000000000000000e+03 2.680694348711862150e-09
2.543000000000000000e+03 2.468878137940726260e-09
2.542000000000000000e+03 2.595219969453433513e-09
2.541000000000000000e+03 2.474678694836037972e-09
2.540000000000000000e+03 2.421147204719842526e-09
2.539000000000000000e+03 2.363452871179111125e-09
2.538000000000000000e+03 2.363839186895605521e-09
2.537000000000000000e+03 2.534852861861771502e-09
2.536000000000000000e+03 2.417296874397646409e-09
2.535000000000000000e+03 2.518951311482523672e-09
2.534000000000000000e+03 2.480841114784857757e-09
2.533000000000000000e+03 2.698872576124218070e-09
2.532000000000000000e+03 2.820701573145036387e-09
2.531000000000000000e+03 2.807104985586527852e-09
2.530000000000000000e+03 3.013700627481332393e-09
2.529000000000000000e+03 3.059225003674457101e-09
2.528000000000000000e+03 3.444708410993096022e-09
2.527000000000000000e+03 3.483761188032914976e-09
2.526000000000000000e+03 3.626180298554238501e-09
2.525000000000000000e+03 3.900350255132941239e-09
2.524000000000000000e+03 4.098324068928052615e-09
2.523000000000000000e+03 4.566189614801820727e-09
2.522000000000000000e+03 4.475628898613794023e-09
2.521000000000000000e+03 4.765048004572504277e-09
2.520000000000000000e+03 4.980755477901719271e-09
2.519000000000000000e+03 5.183857902738513434e-09
2.518000000000000000e+03 5.285345629722928746e-09
2.517000000000000000e+03 4.847198876016229045e-09
2.516000000000000000e+03 4.871379743171722176e-09
2.515000000000000000e+03 4.709208770689486697e-09
2.514000000000000000e+03 4.438678329219851662e-09
2.513000000000000000e+03 4.007927222386772434e-09
2.512000000000000000e+03 3.426656094459272354e-09
2.511000000000000000e+03 3.288888069296455683e-09
2.510000000000000000e+03 2.944700672555004019e-09
2.509000000000000000e+03 2.538179760466530055e-09
2.508000000000000000e+03 2.304491337320481110e-09
2.507000000000000000e+03 1.992761375444396246e-09
2.506000000000000000e+03 1.914787512824038487e-09
2.505000000000000000e+03 1.685916633516019481e-09
2.504000000000000000e+03 1.449881732534901207e-09
2.503000000000000000e+03 1.373181130081710427e-09
2.502000000000000000e+03 1.235200854926018433e-09
2.501000000000000000e+03 1.162578520033508006e-09
2.500000000000000000e+03 1.060521140755270582e-09
2.499000000000000000e+03 9.262053604983692458e-10
2.498000000000000000e+03 9.120431074123054382e-10
2.497000000000000000e+03 8.411929528123692878e-10
2.496000000000000000e+03 7.682155536859616721e-10
2.495000000000000000e+03 7.277316717067136137e-10
2.494000000000000000e+03 6.630298559343625507e-10
2.493000000000000000e+03 6.637614476614561197e-10
2.492000000000000000e+03 6.321031617972907280e-10
2.491000000000000000e+03 5.690947366020408583e-10
2.490000000000000000e+03 5.704576902117089789e-10
2.489000000000000000e+03 5.560133184828965035e-10
2.488000000000000000e+03 5.461270893158940448e-10
2.487000000000000000e+03 5.452975792153831474e-10
2.486000000000000000e+03 5.098814819518240354e-10
2.485000000000000000e+03 5.286605563821473595e-10
2.484000000000000000e+03 5.485221908176624719e-10
2.483000000000000000e+03 5.212110385947546418e-10
2.482000000000000000e+03 5.343168854697951104e-10
2.481000000000000000e+03 5.465288845815703459e-10
2.480000000000000000e+03 5.564042873719548023e-10
2.479000000000000000e+03 5.968271077192162874e-10
2.478000000000000000e+03 5.874483825977137646e-10
2.477000000000000000e+03 6.044867794121690354e-10
2.476000000000000000e+03 6.786420435330005148e-10
2.475000000000000000e+03 6.978824350473010453e-10
2.474000000000000000e+03 7.287939138748185658e-10
2.473000000000000000e+03 8.007148316517122080e-10
2.472000000000000000e+03 8.504761492660270880e-10
2.471000000000000000e+03 9.587990696062324889e-10
2.470000000000000000e+03 1.064271709445609133e-09
2.469000000000000000e+03 1.116636310106193121e-09
2.468000000000000000e+03 1.302960542244273912e-09
2.467000000000000000e+03 1.545505342782319075e-09
2.466000000000000000e+03 1.679336573777598547e-09
2.465000000000000000e+03 1.939427588124045370e-09
2.464000000000000000e+03 2.308057430760842296e-09
2.463000000000000000e+03 2.626628695711839100e-09
2.462000000000000000e+03 3.056089398221489052e-09
2.461000000000000000e+03 3.435987719886665108e-09
2.460000000000000000e+03 3.542652324130840261e-09
2.459000000000000000e+03 3.860870500360745750e-09
2.458000000000000000e+03 3.890845404960582532e-09
2.457000000000000000e+03 3.411064201288057630e-09
2.456000000000000000e+03 3.060399605593972029e-09
2.455000000000000000e+03 2.818843666825879449e-09
2.454000000000000000e+03 2.334321590311582507e-09
2.453000000000000000e+03 1.933583702789329330e-09
2.452000000000000000e+03 1.662753377364088097e-09
2.451000000000000000e+03 1.390524173753881730e-09
2.450000000000000000e+03 1.196265568149102068e-09
2.449000000000000000e+03 1.053351493248522010e-09
2.448000000000000000e+03 8.776152286235139348e-10
2.447000000000000000e+03 7.641763020702939012e-10
2.446000000000000000e+03 7.207458161245628867e-10
2.445000000000000000e+03 6.334782717712603693e-10
2.444000000000000000e+03 5.396589971879560469e-10
2.443000000000000000e+03 5.114707661297357651e-10
2.442000000000000000e+03 4.861426092646898745e-10
2.441000000000000000e+03 4.317339527036458136e-10
2.440000000000000000e+03 3.996429338076290961e-10
2.439000000000000000e+03 3.845503752052804265e-10
2.438000000000000000e+03 3.630507587433859118e-10
2.437000000000000000e+03 3.416341638821379687e-10
2.436000000000000000e+03 3.327911099447908410e-10
2.435000000000000000e+03 3.147881860765038984e-10
2.434000000000000000e+03 3.038599467977150231e-10
2.433000000000000000e+03 3.057116436547395840e-10
2.432000000000000000e+03 2.992972210602211347e-10
2.431000000000000000e+03 2.833465034436000183e-10
2.430000000000000000e+03 2.875359568650675928e-10
2.429000000000000000e+03 3.015451768314765902e-10
2.428000000000000000e+03 2.943274371482090459e-10
2.427000000000000000e+03 2.824674208418102759e-10
2.426000000000000000e+03 2.997817950535225211e-10
2.425000000000000000e+03 3.191803725595128873e-10
2.424000000000000000e+03 3.125639532242063794e-10
2.423000000000000000e+03 3.145823926455742969e-10
2.422000000000000000e+03 3.470478897588051612e-10
2.421000000000000000e+03 3.686896690131481699e-10
2.420000000000000000e+03 3.680915839093276170e-10
2.419000000000000000e+03 3.851127474676717280e-10
2.418000000000000000e+03 4.294235340338791852e-10
2.417000000000000000e+03 4.576054327732346169e-10
2.416000000000000000e+03 4.676537457802381828e-10
2.415000000000000000e+03 4.991727586060658734e-10
2.414000000000000000e+03 5.543237533384186073e-10
2.413000000000000000e+03 5.843934016867657500e-10
2.412000000000000000e+03 5.950480027067720664e-10
2.411000000000000000e+03 6.256908517496688713e-10
2.410000000000000000e+03 6.618316001559392329e-10
2.409000000000000000e+03 6.626553281946640909e-10
2.408000000000000000e+03 6.413615543991837163e-10
2.407000000000000000e+03 6.311303202662981318e-10
2.406000000000000000e+03 6.168020132312543386e-10
2.405000000000000000e+03 5.747955607098770871e-10
2.404000000000000000e+03 5.213012449157510475e-10
2.403000000000000000e+03 4.825509712956845781e-10
2.402000000000000000e+03 4.481193197399073457e-10
2.401000000000000000e+03 4.051343666823337144e-10
2.400000000000000000e+03 3.580174422619490538e-10
2.399000000000000000e+03 3.270022733740845952e-10
2.398000000000000000e+03 3.061900943919767690e-10
2.397000000000000000e+03 2.787536142704092447e-10
2.396000000000000000e+03 2.493739121763026104e-10
2.395000000000000000e+03 2.296139915138697537e-10
2.394000000000000000e+03 2.211566040720094776e-10
2.393000000000000000e+03 2.093753508407467583e-10
2.392000000000000000e+03 1.906305228475258655e-10
2.391000000000000000e+03 1.781838990493085020e-10
2.390000000000000000e+03 1.781605348790185415e-10
2.389000000000000000e+03 1.773343868445108559e-10
2.388000000000000000e+03 1.666751622352372920e-10
2.387000000000000000e+03 1.580708550120191532e-10
2.386000000000000000e+03 1.622665341595945229e-10
2.385000000000000000e+03 1.707719815197336266e-10
2.384000000000000000e+03 1.692363114289544866e-10
2.383000000000000000e+03 1.647657822168265258e-10
2.382000000000000000e+03 1.727720563455225565e-10
2.381000000000000000e+03 1.913298053439531602e-10
2.380000000000000000e+03 2.042580849803431906e-10
2.379000000000000000e+03 2.110363910972912709e-10
2.378000000000000000e+03 2.299184038917869678e-10
2.377000000000000000e+03 2.670303850839692400e-10
2.376000000000000000e+03 3.124442044427827308e-10
2.375000000000000000e+03 3.636506839533893934e-10
2.374000000000000000e+03 4.439428026078692564e-10
2.373000000000000000e+03 5.742210878550450925e-10
2.372000000000000000e+03 7.858567090096139013e-10
2.371000000000000000e+03 1.178161848633330707e-09
2.370000000000000000e+03 1.999954945481173351e-09
2.369000000000000000e+03 3.508338514960687835e-09
2.368000000000000000e+03 4.749648380287163456e-09
2.367000000000000000e+03 4.472123899088576070e-09
2.366000000000000000e+03 3.262172344749746555e-09
2.365000000000000000e+03 1.925595478012841035e-09
2.364000000000000000e+03 9.796831292387396408e-10
2.363000000000000000e+03 5.398434539324491327e-10
2.362000000000000000e+03 3.451921963721354521e-10
2.361000000000000000e+03 2.406351993538645927e-10
2.360000000000000000e+03 1.705725662515791317e-10
2.359000000000000000e+03 1.243846070993955392e-10
2.358000000000000000e+03 9.526264285927243104e-11
2.357000000000000000e+03 7.423358145455331550e-11
2.356000000000000000e+03 5.806950755166711267e-11
2.355000000000000000e+03 4.781490683279792742e-11
2.354000000000000000e+03 4.097206000682941175e-11
2.353000000000000000e+03 3.408963044774606235e-11
2.352000000000000000e+03 2.755681919459537843e-11
2.351000000000000000e+03 2.318661918500608432e-11
2.350000000000000000e+03 2.060758735068769599e-11
2.349000000000000000e+03 1.817846459318849512e-11
2.348000000000000000e+03 1.567448993343802636e-11
2.347000000000000000e+03 1.376651705039353330e-11
2.346000000000000000e+03 1.229180026269782899e-11
2.345000000000000000e+03 1.071727556158681039e-11
2.344000000000000000e+03 9.362380206086853422e-12
2.343000000000000000e+03 8.615561686388050203e-12
2.342000000000000000e+03 8.087688903434003169e-12
2.341000000000000000e+03 7.295437331816879774e-12
2.340000000000000000e+03 6.442021721720624524e-12
2.339000000000000000e+03 5.889341220672121086e-12
2.338000000000000000e+03 5.454690381018629416e-12
2.337000000000000000e+03 4.932687863995187558e-12
2.336000000000000000e+03 4.561941724538404575e-12
2.335000000000000000e+03 4.414885929306417433e-12
2.334000000000000000e+03 4.167371949634598778e-12
2.333000000000000000e+03 3.795254532603035241e-12
2.332000000000000000e+03 3.470432629606873053e-12
2.331000000000000000e+03 3.320283156414397370e-12
2.330000000000000000e+03 3.127599065547756242e-12
2.329000000000000000e+03 2.921778777279209942e-12
2.328000000000000000e+03 2.806966159314375505e-12
2.327000000000000000e+03 2.774980580561055170e-12
2.326000000000000000e+03 2.642789255221658661e-12
2.325000000000000000e+03 2.454940465418273716e-12
2.324000000000000000e+03 2.355299610524137389e-12
2.323000000000000000e+03 2.287814662678508230e-12
2.322000000000000000e+03 2.163814459551655664e-12
2.321000000000000000e+03 2.071045051509294542e-12
2.320000000000000000e+03 2.075157202730806146e-12
2.319000000000000000e+03 2.077785493549314390e-12
2.318000000000000000e+03 2.001539557805386235e-12
2.317000000000000000e+03 1.944338184122909877e-12
2.316000000000000000e+03 1.941123294009278103e-12
2.315000000000000000e+03 1.896940330428940224e-12
2.314000000000000000e+03 1.809424434067085060e-12
2.313000000000000000e+03 1.786324034169329510e-12
2.312000000000000000e+03 1.819319670260747219e-12
2.311000000000000000e+03 1.817514319647250511e-12
2.310000000000000000e+03 1.797753755185241681e-12
2.309000000000000000e+03 1.845222184372534852e-12
2.308000000000000000e+03 1.903808539441088467e-12
2.307000000000000000e+03 1.889798136265744765e-12
2.306000000000000000e+03 1.873983404700293486e-12
2.305000000000000000e+03 1.923443198441321479e-12
2.304000000000000000e+03 1.958524958641942438e-12
2.303000000000000000e+03 1.942314275475456060e-12
2.302000000000000000e+03 1.976276517533635702e-12
2.301000000000000000e+03 2.087724647799763156e-12
2.300000000000000000e+03 2.164963952714373747e-12
2.299000000000000000e+03 2.214653141284076504e-12
2.298000000000000000e+03 2.348832261156736933e-12
2.297000000000000000e+03 2.530572972049258833e-12
2.296000000000000000e+03 2.635036414991505161e-12
2.295000000000000000e+03 2.740341080702123335e-12
2.294000000000000000e+03 2.951910471707429747e-12
2.293000000000000000e+03 3.170176782759419318e-12
2.292000000000000000e+03 3.302919848976191670e-12
2.291000000000000000e+03 3.510681667509013496e-12
2.290000000000000000e+03 3.878584948352106221e-12
2.289000000000000000e+03 4.215731929852166501e-12
2.288000000000000000e+03 4.547115261003825563e-12
2.287000000000000000e+03 5.084714975574430582e-12
2.286000000000000000e+03 5.817087879669183930e-12
2.285000000000000000e+03 6.506340217837658000e-12
2.284000000000000000e+03 7.384558063208486942e-12
2.283000000000000000e+03 8.774615191378954910e-12
2.282000000000000000e+03 1.046441399868995647e-11
2.281000000000000000e+03 1.231383883731614023e-11
2.280000000000000000e+03 1.508826544220957592e-11
2.279000000000000000e+03 1.942518271345459246e-11
2.278000000000000000e+03 2.495652725922363950e-11
2.277000000000000000e+03 3.278566791813906350e-11
2.276000000000000000e+03 4.741384570099257908e-11
2.275000000000000000e+03 7.365764370541909372e-11
2.274000000000000000e+03 1.246675100868041442e-10
2.273000000000000000e+03 2.661901861680641573e-10
2.272000000000000000e+03 8.858576547824514746e-10
2.271000000000000000e+03 1.886974405489848735e-09
2.270000000000000000e+03 1.823957356454018371e-09
2.269000000000000000e+03 9.742341811890726103e-10
2.268000000000000000e+03 3.226460464203009873e-10
2.267000000000000000e+03 1.435115349018668510e-10
2.266000000000000000e+03 8.198958623180937873e-11
2.265000000000000000e+03 5.524144407228579631e-11
2.264000000000000000e+03 3.998215388306953204e-11
2.263000000000000000e+03 2.967982757371769817e-11
2.262000000000000000e+03 2.352707200168686177e-11
2.261000000000000000e+03 1.960600027262827893e-11
2.260000000000000000e+03 1.627838482790554774e-11
2.259000000000000000e+03 1.364057137369441525e-11
2.258000000000000000e+03 1.207917924072555061e-11
2.257000000000000000e+03 1.075890897583019011e-11
2.256000000000000000e+03 9.438222238568237749e-12
2.255000000000000000e+03 8.497601773767091210e-12
2.254000000000000000e+03 7.929359559536189450e-12
2.253000000000000000e+03 7.275133286647879771e-12
2.252000000000000000e+03 6.633438485281796029e-12
2.251000000000000000e+03 6.280974418694693979e-12
2.250000000000000000e+03 5.996949391039813467e-12
2.249000000000000000e+03 5.581382119327819590e-12
2.248000000000000000e+03 5.321411152724807556e-12
2.247000000000000000e+03 5.196782953763111666e-12
2.246000000000000000e+03 5.019837467442124960e-12
2.245000000000000000e+03 4.774835765196563819e-12
2.244000000000000000e+03 4.721935063516738611e-12
2.243000000000000000e+03 4.659936992642116893e-12
2.242000000000000000e+03 4.506633591034319609e-12
2.241000000000000000e+03 4.424142691360519879e-12
2.240000000000000000e+03 4.483377767893227032e-12
2.239000000000000000e+03 4.416678947255047098e-12
2.238000000000000000e+03 4.351171009727163870e-12
2.237000000000000000e+03 4.398182848210631605e-12
2.236000000000000000e+03 4.458284760163913294e-12
2.235000000000000000e+03 4.402784565614347280e-12
2.234000000000000000e+03 4.451838784102950421e-12
2.233000000000000000e+03 4.602273768058033421e-12
2.232000000000000000e+03 4.647154811609821986e-12
2.231000000000000000e+03 4.646661071482638737e-12
2.230000000000000000e+03 4.834239862070241432e-12
2.229000000000000000e+03 5.051141654273961815e-12
2.228000000000000000e+03 5.121686126078283187e-12
2.227000000000000000e+03 5.337815022200379676e-12
2.226000000000000000e+03 5.697308001943384655e-12
2.225000000000000000e+03 5.921087364818410611e-12
2.224000000000000000e+03 6.184845719998343981e-12
2.223000000000000000e+03 6.721035745814913392e-12
2.222000000000000000e+03 7.209487406101582196e-12
2.221000000000000000e+03 7.589622266584067979e-12
2.220000000000000000e+03 8.214411300587857507e-12
2.219000000000000000e+03 9.049584545730148304e-12
2.218000000000000000e+03 9.616680596039024349e-12
2.217000000000000000e+03 1.032773638020416573e-11
2.216000000000000000e+03 1.147188690378484944e-11
2.215000000000000000e+03 1.251148180229791718e-11
2.214000000000000000e+03 1.354031080922868057e-11
2.213000000000000000e+03 1.523071021155830612e-11
2.212000000000000000e+03 1.734548755381444125e-11
2.211000000000000000e+03 1.935280802244137313e-11
2.210000000000000000e+03 2.211202008138135165e-11
2.209000000000000000e+03 2.597080127737844142e-11
2.208000000000000000e+03 2.975567330188191592e-11
2.207000000000000000e+03 3.410385793944539154e-11
2.206000000000000000e+03 4.024990525788956970e-11
2.205000000000000000e+03 4.721940895698556212e-11
2.204000000000000000e+03 5.448827870816045562e-11
2.203000000000000000e+03 6.544009226044833378e-11
2.202000000000000000e+03 8.007425343538118452e-11
2.201000000000000000e+03 9.634008918027803677e-11
2.200000000000000000e+03 1.182626969193967940e-10
2.199000000000000000e+03 1.500344324722251563e-10
2.198000000000000000e+03 1.846515422068251660e-10
2.197000000000000000e+03 2.228804800937591674e-10
2.196000000000000000e+03 2.741503588946036822e-10
2.195000000000000000e+03 3.288106179567559875e-10
2.194000000000000000e+03 3.787010632075713018e-10
2.193000000000000000e+03 4.373210949309042210e-10
2.192000000000000000e+03 4.969536408370666694e-10
2.191000000000000000e+03 5.283972292589154695e-10
2.190000000000000000e+03 5.470961277156748015e-10
2.189000000000000000e+03 5.610108763415722641e-10
2.188000000000000000e+03 5.458733205790201231e-10
2.187000000000000000e+03 5.229313501354709762e-10
2.186000000000000000e+03 5.148977083984215672e-10
2.185000000000000000e+03 5.120109560813176773e-10
2.184000000000000000e+03 4.991274108604699313e-10
2.183000000000000000e+03 5.057277996747574343e-10
2.182000000000000000e+03 5.139469499491672990e-10
2.181000000000000000e+03 5.104511051106495630e-10
2.180000000000000000e+03 5.183361930916920498e-10
2.179000000000000000e+03 5.508460582155992003e-10
2.178000000000000000e+03 5.860760817867714566e-10
2.177000000000000000e+03 6.318084359193251935e-10
2.176000000000000000e+03 7.094381033904201809e-10
2.175000000000000000e+03 7.848490913469778212e-10
2.174000000000000000e+03 8.600081213162514715e-10
2.173000000000000000e+03 9.959134419012441847e-10
2.172000000000000000e+03 1.180236832454700440e-09
2.171000000000000000e+03 1.380252428605371558e-09
2.170000000000000000e+03 1.634963689239100962e-09
2.169000000000000000e+03 1.908013910985038268e-09
2.168000000000000000e+03 2.077108691144122135e-09
2.167000000000000000e+03 2.177462252627024233e-09
2.166000000000000000e+03 2.220623289748480953e-09
2.165000000000000000e+03 2.075286437545971470e-09
2.164000000000000000e+03 1.798156716050965300e-09
2.163000000000000000e+03 1.522460968617112537e-09
2.162000000000000000e+03 1.246687245641250050e-09
2.161000000000000000e+03 1.012026027519048320e-09
2.160000000000000000e+03 8.583212622150227118e-10
2.159000000000000000e+03 7.301262623740079729e-10
2.158000000000000000e+03 6.019153475486835406e-10
2.157000000000000000e+03 5.119717032001891835e-10
2.156000000000000000e+03 4.514650249525052118e-10
2.155000000000000000e+03 3.967940076144885665e-10
2.154000000000000000e+03 3.539596074347195211e-10
2.153000000000000000e+03 3.229942563808588877e-10
2.152000000000000000e+03 2.862345252810112950e-10
2.151000000000000000e+03 2.609708859333843397e-10
2.150000000000000000e+03 2.489437460407063329e-10
2.149000000000000000e+03 2.315073293284734857e-10
2.148000000000000000e+03 2.109977610830154989e-10
2.147000000000000000e+03 2.000328162767856222e-10
2.146000000000000000e+03 1.922105710054934627e-10
2.145000000000000000e+03 1.818377744981396776e-10
2.144000000000000000e+03 1.734637869191657746e-10
2.143000000000000000e+03 1.650651320577657051e-10
2.142000000000000000e+03 1.564524713045938526e-10
2.141000000000000000e+03 1.531360456892980688e-10
2.140000000000000000e+03 1.487709096432236012e-10
2.139000000000000000e+03 1.387306040333528093e-10
2.138000000000000000e+03 1.331773678425401266e-10
2.137000000000000000e+03 1.318043990310588350e-10
2.136000000000000000e+03 1.255703788042379674e-10
2.135000000000000000e+03 1.178780497010797352e-10
2.134000000000000000e+03 1.144246616472917317e-10
2.133000000000000000e+03 1.103582942319435551e-10
2.132000000000000000e+03 1.046864188122845399e-10
2.131000000000000000e+03 1.000022542897511058e-10
2.130000000000000000e+03 9.476188311970149933e-11
2.129000000000000000e+03 9.062095916637405227e-11
2.128000000000000000e+03 8.749823194361086055e-11
2.127000000000000000e+03 8.213985226419654271e-11
2.126000000000000000e+03 7.731853477170828247e-11
2.125000000000000000e+03 7.558566095732055993e-11
2.124000000000000000e+03 7.210203567419275082e-11
2.123000000000000000e+03 6.686121425983501314e-11
2.122000000000000000e+03 6.515050411238186572e-11
2.121000000000000000e+03 6.362930303002090072e-11
2.120000000000000000e+03 5.968481377249694356e-11
2.119000000000000000e+03 5.829027823397374125e-11
2.118000000000000000e+03 5.562987893514552514e-11
2.117000000000000000e+03 5.418217337865907774e-11
2.116000000000000000e+03 5.323881129633901872e-11
2.115000000000000000e+03 5.146006575996426616e-11
2.114000000000000000e+03 5.116030677942494563e-11
2.113000000000000000e+03 5.036504176272771038e-11
2.112000000000000000e+03 4.942944315523056115e-11
2.111000000000000000e+03 5.005114000458602172e-11
2.110000000000000000e+03 4.972287337510587839e-11
2.109000000000000000e+03 5.011795910313430217e-11
2.108000000000000000e+03 5.076017272272317541e-11
2.107000000000000000e+03 5.118142726786979560e-11
2.106000000000000000e+03 5.147954413198316267e-11
2.105000000000000000e+03 5.355851047629177261e-11
2.104000000000000000e+03 5.512271444408768864e-11
2.103000000000000000e+03 5.567403644119680354e-11
2.102000000000000000e+03 5.808652228635903124e-11
2.101000000000000000e+03 6.176934080440337106e-11
2.100000000000000000e+03 6.328770926349679214e-11
2.099000000000000000e+03 6.605804747630525928e-11
2.098000000000000000e+03 7.109947139809424429e-11
2.097000000000000000e+03 7.463804726746465428e-11
2.096000000000000000e+03 7.797902711267472932e-11
2.095000000000000000e+03 8.420965729694239646e-11
2.094000000000000000e+03 9.013622633619412236e-11
2.093000000000000000e+03 9.504890656402121663e-11
2.092000000000000000e+03 1.018335648728353226e-10
2.091000000000000000e+03 1.092742765087901749e-10
2.090000000000000000e+03 1.159407658775072097e-10
2.089000000000000000e+03 1.228708084450789130e-10
2.088000000000000000e+03 1.302360087693620612e-10
2.087000000000000000e+03 1.364031531739861648e-10
2.086000000000000000e+03 1.420048197349241998e-10
2.085000000000000000e+03 1.464692589499202413e-10
2.084000000000000000e+03 1.492797151451442422e-10
2.083000000000000000e+03 1.509636760635438504e-10
2.082000000000000000e+03 1.497857446219331460e-10
2.081000000000000000e+03 1.477195704897404553e-10
2.080000000000000000e+03 1.445749694416972222e-10
2.079000000000000000e+03 1.387395212452450722e-10
2.078000000000000000e+03 1.330582361695386217e-10
2.077000000000000000e+03 1.274793087589009340e-10
2.076000000000000000e+03 1.201346816469601978e-10
2.075000000000000000e+03 1.134986835932281293e-10
2.074000000000000000e+03 1.078640711964071288e-10
2.073000000000000000e+03 1.013505984825580929e-10
2.072000000000000000e+03 9.574270843000751149e-11
2.071000000000000000e+03 9.120048456215180277e-11
2.070000000000000000e+03 8.619085741668898829e-11
2.069000000000000000e+03 8.197557988012972127e-11
2.068000000000000000e+03 7.876018985608887586e-11
2.067000000000000000e+03 7.557258807244499347e-11
2.066000000000000000e+03 7.299276334579636383e-11
2.065000000000000000e+03 7.049839453737381927e-11
2.064000000000000000e+03 6.889909285699461405e-11
2.063000000000000000e+03 6.781202302790260605e-11
2.062000000000000000e+03 6.633181968580066184e-11
2.061000000000000000e+03 6.639319578917593402e-11
2.060000000000000000e+03 6.602049215323541030e-11
2.059000000000000000e+03 6.569164318290191825e-11
2.058000000000000000e+03 6.744973929423859507e-11
2.057000000000000000e+03 6.779128714424562193e-11
2.056000000000000000e+03 6.895565445551259400e-11
2.055000000000000000e+03 7.225791960573757566e-11
2.054000000000000000e+03 7.342347110232612941e-11
2.053000000000000000e+03 7.714255818161688164e-11
2.052000000000000000e+03 8.177252031068973582e-11
2.051000000000000000e+03 8.458103825265061974e-11
2.050000000000000000e+03 9.120836259406137878e-11
2.049000000000000000e+03 9.786332571286175615e-11
2.048000000000000000e+03 1.038382738410519711e-10
2.047000000000000000e+03 1.145642341665272944e-10
2.046000000000000000e+03 1.239406302962172571e-10
2.045000000000000000e+03 1.361727112581758915e-10
2.044000000000000000e+03 1.518106140311069761e-10
2.043000000000000000e+03 1.690239407818545800e-10
2.042000000000000000e+03 1.903734842057016517e-10
2.041000000000000000e+03 2.154533355586258890e-10
2.040000000000000000e+03 2.494260495096391833e-10
2.039000000000000000e+03 2.842504935740122870e-10
2.038000000000000000e+03 3.345834870345268803e-10
2.037000000000000000e+03 3.972386512959949432e-10
2.036000000000000000e+03 4.650532881942353436e-10
2.035000000000000000e+03 5.739574391806364736e-10
2.034000000000000000e+03 6.931447445403811147e-10
2.033000000000000000e+03 8.586259930308776369e-10
2.032000000000000000e+03 1.088675474457667730e-09
2.031000000000000000e+03 1.375465844564892251e-09
2.030000000000000000e+03 1.775435275960432343e-09
2.029000000000000000e+03 2.303156840386434093e-09
2.028000000000000000e+03 3.001576324214454238e-09
2.027000000000000000e+03 3.772073428737286834e-09
2.026000000000000000e+03 4.745286345239173496e-09
2.025000000000000000e+03 5.446920994355474548e-09
2.024000000000000000e+03 5.954427269423968090e-09
2.023000000000000000e+03 6.088509742263338394e-09
2.022000000000000000e+03 5.774480584121399068e-09
2.021000000000000000e+03 5.367255249909606187e-09
2.020000000000000000e+03 4.875200737350432412e-09
2.019000000000000000e+03 4.424628302571101228e-09
2.018000000000000000e+03 4.024258084621930450e-09
2.017000000000000000e+03 3.811817892810154727e-09
2.016000000000000000e+03 3.526002098644305851e-09
2.015000000000000000e+03 3.473270217054628306e-09
2.014000000000000000e+03 3.380339489762510589e-09
2.013000000000000000e+03 3.401184313004655410e-09
2.012000000000000000e+03 3.458040034530856279e-09
2.011000000000000000e+03 3.621180107788056977e-09
2.010000000000000000e+03 3.736823547326346934e-09
2.009000000000000000e+03 4.034949687332614743e-09
2.008000000000000000e+03 4.237296854246895468e-09
2.007000000000000000e+03 4.499273254901718161e-09
2.006000000000000000e+03 4.707487190489144507e-09
2.005000000000000000e+03 4.806392538354779666e-09
2.004000000000000000e+03 4.706808390357614857e-09
2.003000000000000000e+03 4.563355779707793141e-09
2.002000000000000000e+03 4.131204888327633566e-09
2.001000000000000000e+03 3.734762692064329953e-09
2.000000000000000000e+03 3.258833664626498273e-09
1.999000000000000000e+03 2.818535738480569837e-09
1.998000000000000000e+03 2.415265042575412677e-09
1.997000000000000000e+03 2.108909650996246612e-09
1.996000000000000000e+03 1.791761933019020782e-09
1.995000000000000000e+03 1.595272117345960344e-09
1.994000000000000000e+03 1.388692713463710211e-09
1.993000000000000000e+03 1.241685755845039536e-09
1.992000000000000000e+03 1.114654016332448246e-09
1.991000000000000000e+03 1.016926301726734340e-09
1.990000000000000000e+03 9.214384698714453618e-10
1.989000000000000000e+03 8.651912261842219210e-10
1.988000000000000000e+03 7.986638128003952779e-10
1.987000000000000000e+03 7.529219343887534987e-10
1.986000000000000000e+03 7.203645137572940308e-10
1.985000000000000000e+03 6.785319669058483250e-10
1.984000000000000000e+03 6.622391220558953626e-10
1.983000000000000000e+03 6.392170072404150576e-10
1.982000000000000000e+03 6.231273541921384000e-10
1.981000000000000000e+03 6.153561306356788499e-10
1.980000000000000000e+03 6.128588141145124454e-10
1.979000000000000000e+03 6.048051493328459637e-10
1.978000000000000000e+03 6.140597547700055240e-10
1.977000000000000000e+03 6.178500241086486793e-10
1.976000000000000000e+03 6.225172536328333097e-10
1.975000000000000000e+03 6.501894469031856469e-10
1.974000000000000000e+03 6.594233406444852357e-10
1.973000000000000000e+03 6.933932556404532175e-10
1.972000000000000000e+03 7.255042430207091150e-10
1.971000000000000000e+03 7.590040258814835784e-10
1.970000000000000000e+03 8.202583717622583499e-10
1.969000000000000000e+03 8.723603822580296866e-10
1.968000000000000000e+03 9.521182231512410624e-10
1.967000000000000000e+03 1.047308834326220297e-09
1.966000000000000000e+03 1.150507901704857854e-09
1.965000000000000000e+03 1.297168794857396427e-09
1.964000000000000000e+03 1.464347947613605421e-09
1.963000000000000000e+03 1.675324076201914127e-09
1.962000000000000000e+03 1.946363541545236187e-09
1.961000000000000000e+03 2.273492802035245055e-09
1.960000000000000000e+03 2.687906597179837125e-09
1.959000000000000000e+03 3.181668127437970985e-09
1.958000000000000000e+03 3.807678918178010597e-09
1.957000000000000000e+03 4.495198052948307600e-09
1.956000000000000000e+03 5.217343630371150498e-09
1.955000000000000000e+03 5.912965120990725675e-09
1.954000000000000000e+03 6.403914818318095761e-09
1.953000000000000000e+03 6.628595038570506452e-09
1.952000000000000000e+03 6.556025247255494022e-09
1.951000000000000000e+03 6.218730540765319514e-09
1.950000000000000000e+03 5.710636664614917203e-09
1.949000000000000000e+03 5.196178378744080882e-09
1.948000000000000000e+03 4.695232031832910511e-09
1.947000000000000000e+03 4.202511860093889354e-09
1.946000000000000000e+03 3.845575775477899637e-09
1.945000000000000000e+03 3.469635179652245472e-09
1.944000000000000000e+03 3.189997016200154682e-09
1.943000000000000000e+03 3.013369411197681804e-09
1.942000000000000000e+03 2.803592856736398345e-09
1.941000000000000000e+03 2.670375519106724280e-09
1.940000000000000000e+03 2.589492718383316063e-09
1.939000000000000000e+03 2.473097934122946677e-09
1.938000000000000000e+03 2.436711408174124353e-09
1.937000000000000000e+03 2.420606274404760449e-09
1.936000000000000000e+03 2.377688088248406028e-09
1.935000000000000000e+03 2.406693945022505708e-09
1.934000000000000000e+03 2.438172774569182131e-09
1.933000000000000000e+03 2.467402835009377636e-09
1.932000000000000000e+03 2.547016337043691223e-09
1.931000000000000000e+03 2.628322734657542016e-09
1.930000000000000000e+03 2.743818173751200859e-09
1.929000000000000000e+03 2.861974519702373039e-09
1.928000000000000000e+03 3.013674920734637706e-09
1.927000000000000000e+03 3.208086795514311255e-09
1.926000000000000000e+03 3.379701582235028191e-09
1.925000000000000000e+03 3.619397514479097408e-09
1.924000000000000000e+03 3.882430646896005168e-09
1.923000000000000000e+03 4.113876990768843179e-09
1.922000000000000000e+03 4.358021096718692952e-09
1.921000000000000000e+03 4.621658847103284207e-09
1.920000000000000000e+03 4.832025076788301611e-09
1.919000000000000000e+03 5.010582068716628244e-09
1.918000000000000000e+03 5.055603414799459788e-09
1.917000000000000000e+03 5.138037210807003560e-09
1.916000000000000000e+03 5.108661548777642219e-09
1.915000000000000000e+03 4.947692036087209357e-09
1.914000000000000000e+03 4.804838823112134955e-09
1.913000000000000000e+03 4.595991304502778311e-09
1.912000000000000000e+03 4.392990152548464256e-09
1.911000000000000000e+03 4.150831143751135387e-09
1.910000000000000000e+03 3.900835966505648275e-09
1.909000000000000000e+03 3.750905245699050791e-09
1.908000000000000000e+03 3.568897417243738696e-09
1.907000000000000000e+03 3.402289944199155895e-09
1.906000000000000000e+03 3.276945988363251998e-09
1.905000000000000000e+03 3.161645854418412184e-09
1.904000000000000000e+03 3.115623474303435665e-09
1.903000000000000000e+03 3.043937810383434300e-09
1.902000000000000000e+03 2.986397027479864139e-09
1.901000000000000000e+03 2.981292443466774603e-09
1.900000000000000000e+03 2.972069463424769406e-09
1.899000000000000000e+03 3.010793187989372132e-09
1.898000000000000000e+03 3.030914908859614877e-09
1.897000000000000000e+03 3.058525857018836055e-09
1.896000000000000000e+03 3.140448685438709798e-09
1.895000000000000000e+03 3.209585442388626120e-09
1.894000000000000000e+03 3.324771879396747919e-09
1.893000000000000000e+03 3.425357147689068061e-09
1.892000000000000000e+03 3.526247501049610645e-09
1.891000000000000000e+03 3.683663559513424460e-09
1.890000000000000000e+03 3.824720461035226033e-09
1.889000000000000000e+03 4.018869172416391048e-09
1.888000000000000000e+03 4.202089027019032910e-09
1.887000000000000000e+03 4.371435158248364300e-09
1.886000000000000000e+03 4.593975177823267110e-09
1.885000000000000000e+03 4.786572964108147325e-09
1.884000000000000000e+03 5.042716151012657406e-09
1.883000000000000000e+03 5.287348927788030055e-09
1.882000000000000000e+03 5.503620480090032957e-09
1.881000000000000000e+03 5.752568918837701913e-09
1.880000000000000000e+03 5.930634380894203638e-09
1.879000000000000000e+03 6.160994882517441544e-09
1.878000000000000000e+03 6.367629995713024664e-09
1.877000000000000000e+03 6.545721856851266717e-09
1.876000000000000000e+03 6.749700904263678319e-09
1.875000000000000000e+03 6.848457696357302381e-09
1.874000000000000000e+03 6.977502401784047312e-09
1.873000000000000000e+03 7.047802392679333646e-09
1.872000000000000000e+03 7.104405520864053196e-09
1.871000000000000000e+03 7.205956776538005872e-09
1.870000000000000000e+03 7.243155935400754349e-09
1.869000000000000000e+03 7.349579437418647815e-09
1.868000000000000000e+03 7.408503596395924561e-09
1.867000000000000000e+03 7.478225989727038936e-09
1.866000000000000000e+03 7.586495140203409580e-09
1.865000000000000000e+03 7.651384007791364874e-09
1.864000000000000000e+03 7.815681886007647499e-09
1.863000000000000000e+03 7.957550625168111516e-09
1.862000000000000000e+03 8.174563141459427299e-09
1.861000000000000000e+03 8.454255124282668786e-09
1.860000000000000000e+03 8.732483890970369484e-09
1.859000000000000000e+03 9.142740729799103423e-09
1.858000000000000000e+03 9.527347108990096364e-09
1.857000000000000000e+03 1.002981438877488600e-08
1.856000000000000000e+03 1.057717489555435636e-08
1.855000000000000000e+03 1.116546244092048880e-08
1.854000000000000000e+03 1.191218801154184276e-08
1.853000000000000000e+03 1.264836046064510320e-08
1.852000000000000000e+03 1.359473247726221719e-08
1.851000000000000000e+03 1.459192326571283548e-08
1.850000000000000000e+03 1.574378369869120251e-08
1.849000000000000000e+03 1.711725750339088932e-08
1.848000000000000000e+03 1.855377167033541421e-08
1.847000000000000000e+03 2.034978445342996912e-08
1.846000000000000000e+03 2.224144818517297053e-08
1.845000000000000000e+03 2.451471031232067667e-08
1.844000000000000000e+03 2.709761241302045915e-08
1.843000000000000000e+03 2.996999574599941789e-08
1.842000000000000000e+03 3.347382469581066889e-08
1.841000000000000000e+03 3.724851129340003470e-08
1.840000000000000000e+03 4.192425389397678703e-08
1.839000000000000000e+03 4.713508902966029806e-08
1.838000000000000000e+03 5.331569907662130250e-08
1.837000000000000000e+03 6.067806326035808824e-08
1.836000000000000000e+03 6.904039093142055021e-08
1.835000000000000000e+03 7.948328058792363078e-08
1.834000000000000000e+03 9.125833420710094815e-08
1.833000000000000000e+03 1.059242691476281142e-07
1.832000000000000000e+03 1.231030555257103915e-07
1.831000000000000000e+03 1.437839121469704443e-07
1.830000000000000000e+03 1.691962482394602655e-07
1.829000000000000000e+03 1.987936582424829839e-07
1.828000000000000000e+03 2.359536603073686761e-07
1.827000000000000000e+03 2.790877384589276322e-07
1.826000000000000000e+03 3.324095869554400657e-07
1.825000000000000000e+03 3.954826487040619537e-07
1.824000000000000000e+03 4.701601811045609672e-07
1.823000000000000000e+03 5.605453060097984698e-07
1.822000000000000000e+03 6.636519769021672331e-07
1.821000000000000000e+03 7.886563268134150924e-07
1.820000000000000000e+03 9.289707140701378044e-07
1.819000000000000000e+03 1.095984161709784391e-06
1.818000000000000000e+03 1.286217980531402283e-06
1.817000000000000000e+03 1.504937127177377469e-06
1.816000000000000000e+03 1.761146352764022838e-06
1.815000000000000000e+03 2.048701659204119433e-06
1.814000000000000000e+03 2.394508478167781719e-06
1.813000000000000000e+03 2.783392868835598286e-06
1.812000000000000000e+03 3.253844888931624720e-06
1.811000000000000000e+03 3.799986951861194735e-06
1.810000000000000000e+03 4.453382325339864924e-06
1.809000000000000000e+03 5.246193378426305085e-06
1.808000000000000000e+03 6.190080883237831220e-06
1.807000000000000000e+03 7.377612014554520342e-06
1.806000000000000000e+03 8.808587688248357739e-06
1.805000000000000000e+03 1.064042019872790413e-05
1.804000000000000000e+03 1.290231955917348127e-05
1.803000000000000000e+03 1.579922784449075063e-05
1.802000000000000000e+03 1.948763342465547867e-05
1.801000000000000000e+03 2.418178222260665894e-05
1.800000000000000000e+03 3.029456415610518838e-05
1.799000000000000000e+03 3.805707793002073157e-05
1.798000000000000000e+03 4.822970888439631452e-05
1.797000000000000000e+03 6.105057735417567823e-05
1.796000000000000000e+03 7.744327680721749816e-05
1.795000000000000000e+03 9.731018512997434053e-05
1.794000000000000000e+03 1.206472238801196555e-04
1.793000000000000000e+03 1.462479012800430131e-04
1.792000000000000000e+03 1.717996135009845109e-04
1.791000000000000000e+03 1.956145700443091069e-04
1.790000000000000000e+03 2.146132753949378926e-04
1.789000000000000000e+03 2.291302601048492767e-04
1.788000000000000000e+03 2.379055814759682935e-04
1.787000000000000000e+03 2.431390095060332126e-04
1.786000000000000000e+03 2.451889212724736437e-04
1.785000000000000000e+03 2.461917579435338784e-04
1.784000000000000000e+03 2.470799298801622202e-04
1.783000000000000000e+03 2.484679750429126662e-04
1.782000000000000000e+03 2.511043043485449420e-04
1.781000000000000000e+03 2.539620201475569004e-04
1.780000000000000000e+03 2.581129896819069677e-04
1.779000000000000000e+03 2.625870540932291348e-04
1.778000000000000000e+03 2.684148665578996781e-04
1.777000000000000000e+03 2.745869857604536822e-04
1.776000000000000000e+03 2.812932148202196693e-04
1.775000000000000000e+03 2.880312003186930102e-04
1.774000000000000000e+03 2.948988127605533388e-04
1.773000000000000000e+03 3.020521675723875261e-04
1.772000000000000000e+03 3.090309627320413457e-04
1.771000000000000000e+03 3.159489262005749804e-04
1.770000000000000000e+03 3.221922895831226259e-04
1.769000000000000000e+03 3.283499239031450936e-04
1.768000000000000000e+03 3.337882653142623234e-04
1.767000000000000000e+03 3.388946476091631932e-04
1.766000000000000000e+03 3.428420853623412139e-04
1.765000000000000000e+03 3.461651650131189494e-04
1.764000000000000000e+03 3.485435849946682532e-04
1.763000000000000000e+03 3.500122716079184706e-04
1.762000000000000000e+03 3.504567002332594178e-04
1.761000000000000000e+03 3.498524540117581988e-04
1.760000000000000000e+03 3.484544959976483298e-04
1.759000000000000000e+03 3.461965273497227586e-04
1.758000000000000000e+03 3.431630746101361107e-04
1.757000000000000000e+03 3.396400470297670105e-04
1.756000000000000000e+03 3.354946283085177730e-04
1.755000000000000000e+03 3.312635494449671608e-04
1.754000000000000000e+03 3.267836093120022527e-04
1.753000000000000000e+03 3.224400948910220786e-04
1.752000000000000000e+03 3.180022418690769677e-04
1.751000000000000000e+03 3.141065823086755396e-04
1.750000000000000000e+03 3.106432845979418796e-04
1.749000000000000000e+03 3.073233033146105411e-04
1.748000000000000000e+03 3.049375038429854245e-04
1.747000000000000000e+03 3.030823124297497514e-04
1.746000000000000000e+03 3.018781170162345372e-04
1.745000000000000000e+03 3.010699285132085947e-04
1.744000000000000000e+03 3.016160939408973180e-04
1.743000000000000000e+03 3.019009179392146227e-04
1.742000000000000000e+03 3.035330223375140362e-04
1.741000000000000000e+03 3.053034942244214119e-04
1.740000000000000000e+03 3.075472850968259501e-04
1.739000000000000000e+03 3.098818890578862537e-04
1.738000000000000000e+03 3.131539496615356501e-04
1.737000000000000000e+03 3.153915138104286552e-04
1.736000000000000000e+03 3.184927937568399051e-04
1.735000000000000000e+03 3.211377325519900274e-04
1.734000000000000000e+03 3.231045793433228830e-04
1.733000000000000000e+03 3.251562054611739009e-04
1.732000000000000000e+03 3.261885818927470282e-04
1.731000000000000000e+03 3.264805611931428778e-04
1.730000000000000000e+03 3.263743180226608750e-04
1.729000000000000000e+03 3.248886472424348431e-04
1.728000000000000000e+03 3.223853759591030531e-04
1.727000000000000000e+03 3.196848496015544032e-04
1.726000000000000000e+03 3.143955880488061294e-04
1.725000000000000000e+03 3.101612260810611399e-04
1.724000000000000000e+03 3.029136859735039435e-04
1.723000000000000000e+03 2.965575413495154808e-04
1.722000000000000000e+03 2.883758868826505469e-04
1.721000000000000000e+03 2.802475887673103660e-04
1.720000000000000000e+03 2.716480051014457265e-04
1.719000000000000000e+03 2.628507619494029513e-04
1.718000000000000000e+03 2.540597146030120195e-04
1.717000000000000000e+03 2.459566906174655873e-04
1.716000000000000000e+03 2.374592351295593006e-04
1.715000000000000000e+03 2.311102154370513109e-04
1.714000000000000000e+03 2.237506075755252277e-04
1.713000000000000000e+03 2.196251310011181686e-04
1.712000000000000000e+03 2.143317471607839584e-04
1.711000000000000000e+03 2.127341426273863145e-04
1.710000000000000000e+03 2.102128884651890462e-04
1.709000000000000000e+03 2.112097001881239693e-04
1.708000000000000000e+03 2.117554300370044274e-04
1.707000000000000000e+03 2.152553107824787702e-04
1.706000000000000000e+03 2.187265960489107822e-04
1.705000000000000000e+03 2.245424688454827206e-04
1.704000000000000000e+03 2.304193417606016073e-04
1.703000000000000000e+03 2.379580521079650520e-04
1.702000000000000000e+03 2.454602560332543558e-04
1.701000000000000000e+03 2.540123232403157191e-04
1.700000000000000000e+03 2.622186640885987709e-04
1.699000000000000000e+03 2.710246008303425903e-04
1.698000000000000000e+03 2.788801011482438196e-04
1.697000000000000000e+03 2.871743607364970552e-04
1.696000000000000000e+03 2.938006261143139724e-04
1.695000000000000000e+03 3.009220741067863709e-04
1.694000000000000000e+03 3.055860004858190109e-04
1.693000000000000000e+03 3.109892279902478967e-04
1.692000000000000000e+03 3.132116541725513950e-04
1.691000000000000000e+03 3.163197105748266451e-04
1.690000000000000000e+03 3.160731617636755282e-04
1.689000000000000000e+03 3.165181515511873516e-04
1.688000000000000000e+03 3.141337556844229378e-04
1.687000000000000000e+03 3.114988221574519866e-04
1.686000000000000000e+03 3.077575337580805144e-04
1.685000000000000000e+03 3.021892239636006657e-04
1.684000000000000000e+03 2.976502989748446622e-04
1.683000000000000000e+03 2.902990461872650518e-04
1.682000000000000000e+03 2.849301177439392979e-04
1.681000000000000000e+03 2.778301846645845827e-04
1.680000000000000000e+03 2.714041010525925553e-04
1.679000000000000000e+03 2.665100426239680161e-04
1.678000000000000000e+03 2.597424929426075577e-04
1.677000000000000000e+03 2.573122013534238895e-04
1.676000000000000000e+03 2.527346101600187658e-04
1.675000000000000000e+03 2.514237003765502345e-04
1.674000000000000000e+03 2.511109739550028831e-04
1.673000000000000000e+03 2.511456830121745233e-04
1.672000000000000000e+03 2.537276723692931412e-04
1.671000000000000000e+03 2.577396139639556781e-04
1.670000000000000000e+03 2.604141794924370716e-04
1.669000000000000000e+03 2.686204812053591016e-04
1.668000000000000000e+03 2.726786475797838985e-04
1.667000000000000000e+03 2.806028624508812410e-04
1.666000000000000000e+03 2.876399575029957973e-04
1.665000000000000000e+03 2.947311254944568479e-04
1.664000000000000000e+03 2.999298626194377886e-04
1.663000000000000000e+03 3.087239640109137981e-04
1.662000000000000000e+03 3.104746445834527849e-04
1.661000000000000000e+03 3.161086509423840368e-04
1.660000000000000000e+03 3.180076605689238669e-04
1.659000000000000000e+03 3.191080658038418353e-04
1.658000000000000000e+03 3.163670526932378093e-04
1.657000000000000000e+03 3.167428688727507227e-04
1.656000000000000000e+03 3.103657518954824001e-04
1.655000000000000000e+03 3.044147103212105181e-04
1.654000000000000000e+03 2.975891052763739489e-04
1.653000000000000000e+03 2.898962777114350020e-04
1.652000000000000000e+03 2.783091080638062432e-04
1.651000000000000000e+03 2.680726677419395455e-04
1.650000000000000000e+03 2.589145203656938480e-04
1.649000000000000000e+03 2.466883993962481233e-04
1.648000000000000000e+03 2.352525133449996230e-04
1.647000000000000000e+03 2.250259571923433530e-04
1.646000000000000000e+03 2.181543437073375465e-04
1.645000000000000000e+03 2.080398499023010210e-04
1.644000000000000000e+03 2.017092174680209160e-04
1.643000000000000000e+03 1.967474971629726201e-04
1.642000000000000000e+03 1.970508881758777802e-04
1.641000000000000000e+03 1.947445341770542111e-04
1.640000000000000000e+03 1.963883519763187278e-04
1.639000000000000000e+03 1.995531827372292843e-04
1.638000000000000000e+03 2.080366882503716097e-04
1.637000000000000000e+03 2.156277343047897444e-04
1.636000000000000000e+03 2.241600854700582992e-04
1.635000000000000000e+03 2.337892897464146941e-04
1.634000000000000000e+03 2.456010494097962097e-04
1.633000000000000000e+03 2.597765001905571330e-04
1.632000000000000000e+03 2.708932912199442334e-04
1.631000000000000000e+03 2.833334696007429277e-04
1.630000000000000000e+03 2.912370716637416898e-04
1.629000000000000000e+03 3.038297885497623601e-04
1.628000000000000000e+03 3.111271103116524089e-04
1.627000000000000000e+03 3.216951184434000961e-04
1.626000000000000000e+03 3.247519182827638155e-04
1.625000000000000000e+03 3.289065744301836614e-04
1.624000000000000000e+03 3.281401600582127629e-04
1.623000000000000000e+03 3.273441417868562650e-04
1.622000000000000000e+03 3.257688999781003874e-04
1.621000000000000000e+03 3.209769757577754122e-04
1.620000000000000000e+03 3.176901623624567338e-04
1.619000000000000000e+03 3.079567815833821791e-04
1.618000000000000000e+03 3.019064806893112236e-04
1.617000000000000000e+03 2.895148685496455013e-04
1.616000000000000000e+03 2.822239216666572854e-04
1.615000000000000000e+03 2.712723566212886799e-04
1.614000000000000000e+03 2.647415020967026802e-04
1.613000000000000000e+03 2.579066869472063876e-04
1.612000000000000000e+03 2.527819844466276688e-04
1.611000000000000000e+03 2.506806857814755304e-04
1.610000000000000000e+03 2.473889980739273488e-04
1.609000000000000000e+03 2.498144995555018409e-04
1.608000000000000000e+03 2.492291046563138972e-04
1.607000000000000000e+03 2.553316106570650878e-04
1.606000000000000000e+03 2.585985326216450509e-04
1.605000000000000000e+03 2.669789565547982246e-04
1.604000000000000000e+03 2.744954305291232369e-04
1.603000000000000000e+03 2.831369162337008015e-04
1.602000000000000000e+03 2.940569569885009274e-04
1.601000000000000000e+03 3.011515663626905689e-04
1.600000000000000000e+03 3.131932720388707811e-04
1.599000000000000000e+03 3.178010245909720964e-04
1.598000000000000000e+03 3.273204212285953834e-04
1.597000000000000000e+03 3.297127673304226891e-04
1.596000000000000000e+03 3.332898904197373596e-04
1.595000000000000000e+03 3.337096646964794570e-04
1.594000000000000000e+03 3.295781228833395931e-04
1.593000000000000000e+03 3.273837927126229124e-04
1.592000000000000000e+03 3.164338826884169581e-04
1.591000000000000000e+03 3.100563804055510406e-04
1.590000000000000000e+03 2.953951369273177916e-04
1.589000000000000000e+03 2.836094352646348154e-04
1.588000000000000000e+03 2.686677433125607482e-04
1.587000000000000000e+03 2.526254893018840863e-04
1.586000000000000000e+03 2.395019433735294501e-04
1.585000000000000000e+03 2.228445981018575470e-04
1.584000000000000000e+03 2.125466410642620123e-04
1.583000000000000000e+03 1.997753116781252210e-04
1.582000000000000000e+03 1.926929107569086419e-04
1.581000000000000000e+03 1.870587608182552766e-04
1.580000000000000000e+03 1.837573250810268718e-04
1.579000000000000000e+03 1.861242362098042074e-04
1.578000000000000000e+03 1.877449216018448844e-04
1.577000000000000000e+03 1.970012399720460117e-04
1.576000000000000000e+03 2.056076098590152153e-04
1.575000000000000000e+03 2.197761625944642913e-04
1.574000000000000000e+03 2.366513542804965899e-04
1.573000000000000000e+03 2.529175180164898559e-04
1.572000000000000000e+03 2.751002447307352621e-04
1.571000000000000000e+03 2.897542683222454219e-04
1.570000000000000000e+03 3.088209720544290429e-04
1.569000000000000000e+03 3.206660741692328172e-04
1.568000000000000000e+03 3.304711120986242616e-04
1.567000000000000000e+03 3.419010837774890473e-04
1.566000000000000000e+03 3.444185021128129518e-04
1.565000000000000000e+03 3.532412870033813622e-04
1.564000000000000000e+03 3.498267996336762984e-04
1.563000000000000000e+03 3.455954353186210760e-04
1.562000000000000000e+03 3.370215827180429919e-04
1.561000000000000000e+03 3.215013101311907720e-04
1.560000000000000000e+03 3.138882751577877907e-04
1.559000000000000000e+03 2.977732658496533638e-04
1.558000000000000000e+03 2.853259345420940032e-04
1.557000000000000000e+03 2.681444837729556139e-04
1.556000000000000000e+03 2.496773713548396893e-04
1.555000000000000000e+03 2.416538812751753786e-04
1.554000000000000000e+03 2.305219404843919680e-04
1.553000000000000000e+03 2.251303106384953219e-04
1.552000000000000000e+03 2.177500773927544032e-04
1.551000000000000000e+03 2.150381304397418767e-04
1.550000000000000000e+03 2.238169080609596503e-04
1.549000000000000000e+03 2.271610019659980320e-04
1.548000000000000000e+03 2.355295423316672331e-04
1.547000000000000000e+03 2.454929198058112020e-04
1.546000000000000000e+03 2.594697500436925924e-04
1.545000000000000000e+03 2.771496767304005302e-04
1.544000000000000000e+03 2.829650782470290670e-04
1.543000000000000000e+03 2.995967751315791578e-04
1.542000000000000000e+03 3.140218898711470870e-04
1.541000000000000000e+03 3.179069591630852352e-04
1.540000000000000000e+03 3.276563270637976029e-04
1.539000000000000000e+03 3.304818141427406735e-04
1.538000000000000000e+03 3.338203953507965058e-04
1.537000000000000000e+03 3.302887187980220051e-04
1.536000000000000000e+03 3.259155062776980137e-04
1.535000000000000000e+03 3.268120149404402704e-04
1.534000000000000000e+03 3.131286618626398640e-04
1.533000000000000000e+03 3.115467849301071872e-04
1.532000000000000000e+03 3.093423544789010329e-04
1.531000000000000000e+03 2.972614254277193102e-04
1.530000000000000000e+03 3.049574973165559521e-04
1.529000000000000000e+03 3.023391230599729580e-04
1.528000000000000000e+03 3.023005631140026142e-04
1.527000000000000000e+03 3.176565864340033366e-04
1.526000000000000000e+03 3.161199410696220909e-04
1.525000000000000000e+03 3.294813052819353769e-04
1.524000000000000000e+03 3.413393753881614387e-04
1.523000000000000000e+03 3.399808572276454563e-04
1.522000000000000000e+03 3.564439591849256211e-04
1.521000000000000000e+03 3.514493974379909809e-04
1.520000000000000000e+03 3.503854675577851188e-04
1.519000000000000000e+03 3.510935298755085633e-04
1.518000000000000000e+03 3.311531589557911216e-04
1.517000000000000000e+03 3.259467367610284602e-04
1.516000000000000000e+03 3.045227545522813839e-04
1.515000000000000000e+03 2.865697437257785267e-04
1.514000000000000000e+03 2.704514108608441019e-04
1.513000000000000000e+03 2.550044737223140074e-04
1.512000000000000000e+03 2.428546192201113600e-04
1.511000000000000000e+03 2.442178217437472360e-04
1.510000000000000000e+03 2.451713077049819654e-04
1.509000000000000000e+03 2.595603886794865334e-04
1.508000000000000000e+03 2.832099349299895788e-04
1.507000000000000000e+03 2.999173389148595778e-04
1.506000000000000000e+03 3.313909288298661935e-04
1.505000000000000000e+03 3.483127416115644037e-04
1.504000000000000000e+03 3.547349476357057412e-04
1.503000000000000000e+03 3.594960950968880482e-04
1.502000000000000000e+03 3.350132155196773533e-04
1.501000000000000000e+03 3.021817142204320360e-04
1.500000000000000000e+03 2.639435698771077331e-04
1.499000000000000000e+03 2.309687515547030623e-04
1.498000000000000000e+03 2.419205260511975988e-04
1.497000000000000000e+03 3.638529115030067658e-04
1.496000000000000000e+03 6.157825049367997771e-04
1.495000000000000000e+03 1.065652692158573995e-03
1.494000000000000000e+03 1.601393757436254126e-03
1.493000000000000000e+03 2.047372859995634162e-03
1.492000000000000000e+03 2.447121211951241299e-03
1.491000000000000000e+03 2.645572904890486007e-03
1.490000000000000000e+03 2.702206268961301547e-03
1.489000000000000000e+03 2.809406625539110497e-03
1.488000000000000000e+03 2.795139181532915740e-03
1.487000000000000000e+03 2.767000293174255634e-03
1.486000000000000000e+03 2.836679754600388622e-03
1.485000000000000000e+03 2.803739680381478992e-03
1.484000000000000000e+03 2.800957750518771015e-03
1.483000000000000000e+03 2.887982798773747542e-03
1.482000000000000000e+03 2.872215625149075312e-03
1.481000000000000000e+03 2.907023458784806919e-03
1.480000000000000000e+03 3.018417803230583844e-03
1.479000000000000000e+03 3.022575523541890831e-03
1.478000000000000000e+03 3.086763570604075455e-03
1.477000000000000000e+03 3.218429590820841551e-03
1.476000000000000000e+03 3.242053058286843616e-03
1.475000000000000000e+03 3.337747723409649307e-03
1.474000000000000000e+03 3.498507354600262440e-03
1.473000000000000000e+03 3.534551360151016574e-03
1.472000000000000000e+03 3.589613344162826455e-03
1.471000000000000000e+03 3.624801987742546586e-03
1.470000000000000000e+03 3.471268692349034884e-03
1.469000000000000000e+03 3.299925356313477848e-03
1.468000000000000000e+03 3.132954956351062872e-03
1.467000000000000000e+03 2.888393995442752049e-03
1.466000000000000000e+03 2.686914244161191147e-03
1.465000000000000000e+03 2.540499065976449013e-03
1.464000000000000000e+03 2.382813594758641327e-03
1.463000000000000000e+03 2.265910794266258119e-03
1.462000000000000000e+03 2.195407281242719999e-03
1.461000000000000000e+03 2.126535680481972130e-03
1.460000000000000000e+03 2.078297162738786206e-03
1.459000000000000000e+03 2.061074040272524010e-03
1.458000000000000000e+03 2.045136571227379116e-03
1.457000000000000000e+03 2.037604624203772589e-03
1.456000000000000000e+03 2.048178988372910750e-03
1.455000000000000000e+03 2.060068956205245161e-03
1.454000000000000000e+03 2.072677135174034492e-03
1.453000000000000000e+03 2.095223897843638636e-03
1.452000000000000000e+03 2.119525687426055023e-03
1.451000000000000000e+03 2.142606218287904703e-03
1.450000000000000000e+03 2.171098786361717273e-03
1.449000000000000000e+03 2.204186934521222465e-03
1.448000000000000000e+03 2.237595109964662585e-03
1.447000000000000000e+03 2.277473177082441069e-03
1.446000000000000000e+03 2.326207459160930906e-03
1.445000000000000000e+03 2.382778128143160472e-03
1.444000000000000000e+03 2.452601389231862019e-03
1.443000000000000000e+03 2.542939307045927883e-03
1.442000000000000000e+03 2.658560089942433192e-03
1.441000000000000000e+03 2.811627806231764212e-03
1.440000000000000000e+03 3.024189108453228213e-03
1.439000000000000000e+03 3.324264914423537710e-03
1.438000000000000000e+03 3.735787183373799180e-03
1.437000000000000000e+03 4.216839566166798343e-03
1.436000000000000000e+03 4.521288126479549967e-03
1.435000000000000000e+03 4.462407068975485745e-03
1.434000000000000000e+03 4.303606976182610191e-03
1.433000000000000000e+03 4.285367694801364875e-03
1.432000000000000000e+03 4.440010333840877128e-03
1.431000000000000000e+03 4.745826700926432211e-03
1.430000000000000000e+03 5.202340651819302268e-03
1.429000000000000000e+03 5.820525675702511309e-03
1.428000000000000000e+03 6.618184247494435582e-03
1.427000000000000000e+03 7.635506006011309743e-03
1.426000000000000000e+03 8.911037893098302035e-03
1.425000000000000000e+03 1.044896968107622386e-02
1.424000000000000000e+03 1.218856363868400967e-02
1.423000000000000000e+03 1.394371584532196236e-02
1.422000000000000000e+03 1.532130753809213090e-02
1.421000000000000000e+03 1.583409320333740294e-02
1.420000000000000000e+03 1.523216201887169809e-02
1.419000000000000000e+03 1.369469993363536114e-02
1.418000000000000000e+03 1.169784032318582287e-02
1.417000000000000000e+03 9.695922866128353981e-03
1.416000000000000000e+03 7.948074065622654297e-03
1.415000000000000000e+03 6.520252537027214183e-03
1.414000000000000000e+03 5.386733974867745876e-03
1.413000000000000000e+03 4.503487703695878940e-03
1.412000000000000000e+03 3.817444948975540642e-03
1.411000000000000000e+03 3.280695609612401496e-03
1.410000000000000000e+03 2.857050041438211670e-03
1.409000000000000000e+03 2.523177473001337462e-03
1.408000000000000000e+03 2.258327813878762639e-03
1.407000000000000000e+03 2.045316713978521418e-03
1.406000000000000000e+03 1.873450838431812721e-03
1.405000000000000000e+03 1.736836050005254560e-03
1.404000000000000000e+03 1.628641560846781026e-03
1.403000000000000000e+03 1.542137840808594255e-03
1.402000000000000000e+03 1.475247988281952211e-03
1.401000000000000000e+03 1.426774646911956089e-03
1.400000000000000000e+03 1.393890099796297371e-03
1.399000000000000000e+03 1.374903299263637111e-03
1.398000000000000000e+03 1.370472499892041356e-03
1.397000000000000000e+03 1.380975244324351113e-03
1.396000000000000000e+03 1.405929135509755750e-03
1.395000000000000000e+03 1.445169002709846291e-03
1.394000000000000000e+03 1.501783629874748087e-03
1.393000000000000000e+03 1.577899661850854082e-03
1.392000000000000000e+03 1.674769655519421727e-03
1.391000000000000000e+03 1.795351092320959189e-03
1.390000000000000000e+03 1.944640755751737967e-03
1.389000000000000000e+03 2.130242701423510059e-03
1.388000000000000000e+03 2.356976423272562175e-03
1.387000000000000000e+03 2.635143573998265532e-03
1.386000000000000000e+03 2.977191467241720700e-03
1.385000000000000000e+03 3.402017396825753048e-03
1.384000000000000000e+03 3.928518339578105853e-03
1.383000000000000000e+03 4.583802877998292662e-03
1.382000000000000000e+03 5.402515141694907638e-03
1.381000000000000000e+03 6.426899401343819963e-03
1.380000000000000000e+03 7.701303269741889036e-03
1.379000000000000000e+03 9.259126453900054163e-03
1.378000000000000000e+03 1.111149969443020469e-02
1.377000000000000000e+03 1.320666250968494451e-02
1.376000000000000000e+03 1.538521085871546144e-02
1.375000000000000000e+03 1.737810883924480188e-02
1.374000000000000000e+03 1.887869234903206614e-02
1.373000000000000000e+03 1.971096102857356272e-02
1.372000000000000000e+03 1.994461465735153372e-02
1.371000000000000000e+03 1.975800542803646254e-02
1.370000000000000000e+03 1.903324004888481621e-02
1.369000000000000000e+03 1.748549355963711222e-02
1.368000000000000000e+03 1.554904848828651646e-02
1.367000000000000000e+03 1.378921934886986368e-02
1.366000000000000000e+03 1.236733288264438811e-02
1.365000000000000000e+03 1.125886317486268079e-02
1.364000000000000000e+03 1.040709407334028565e-02
1.363000000000000000e+03 9.758929905330209625e-03
1.362000000000000000e+03 9.276896508668799543e-03
1.361000000000000000e+03 8.934368967588779756e-03
1.360000000000000000e+03 8.711022157763542370e-03
1.359000000000000000e+03 8.594408260144171391e-03
1.358000000000000000e+03 8.575195076783538595e-03
1.357000000000000000e+03 8.652067294287321339e-03
1.356000000000000000e+03 8.821032632330695969e-03
1.355000000000000000e+03 9.088008587082219494e-03
1.354000000000000000e+03 9.460010677787055247e-03
1.353000000000000000e+03 9.950421483325571498e-03
1.352000000000000000e+03 1.057515509824305186e-02
1.351000000000000000e+03 1.135294045003040417e-02
1.350000000000000000e+03 1.232009176851550127e-02
1.349000000000000000e+03 1.350964050371530369e-02
1.348000000000000000e+03 1.497599963050781809e-02
1.347000000000000000e+03 1.677627446687853657e-02
1.346000000000000000e+03 1.899680810803378375e-02
1.345000000000000000e+03 2.174583839274614808e-02
1.344000000000000000e+03 2.515326679497299767e-02
1.343000000000000000e+03 2.939811171216323571e-02
1.342000000000000000e+03 3.472023252017195777e-02
1.341000000000000000e+03 4.140235371679210075e-02
1.340000000000000000e+03 4.983713496274949639e-02
1.339000000000000000e+03 6.047946494419186719e-02
1.338000000000000000e+03 7.384068989119788040e-02
1.337000000000000000e+03 9.046699852028847189e-02
1.336000000000000000e+03 1.107154473843374037e-01
1.335000000000000000e+03 1.344386813024135707e-01
1.334000000000000000e+03 1.606566491048853074e-01
1.333000000000000000e+03 1.870075259742202678e-01
1.332000000000000000e+03 2.100452207283179107e-01
1.331000000000000000e+03 2.264033538451765970e-01
1.330000000000000000e+03 2.346306601631319710e-01
1.329000000000000000e+03 2.359279835204220743e-01
1.328000000000000000e+03 2.324406666999728477e-01
1.327000000000000000e+03 2.250508837663049433e-01
1.326000000000000000e+03 2.123156468876855885e-01
1.325000000000000000e+03 1.911665243220855015e-01
1.324000000000000000e+03 1.595798112191026685e-01
1.323000000000000000e+03 1.210953044310310450e-01
1.322000000000000000e+03 8.495430885064608750e-02
1.321000000000000000e+03 5.901018625972530296e-02
1.320000000000000000e+03 4.420401910835879827e-02
1.319000000000000000e+03 3.679846506310952003e-02
1.318000000000000000e+03 3.277030518800456982e-02
1.317000000000000000e+03 2.968118493989407164e-02
1.316000000000000000e+03 2.664980302267272796e-02
1.315000000000000000e+03 2.375623129890481675e-02
1.314000000000000000e+03 2.148248139461943901e-02
1.313000000000000000e+03 2.030455045191217889e-02
1.312000000000000000e+03 2.048515508737970212e-02
1.311000000000000000e+03 2.196442991111690821e-02
1.310000000000000000e+03 2.442134374027431221e-02
1.309000000000000000e+03 2.733755452042998038e-02
1.308000000000000000e+03 3.021359412189429661e-02
1.307000000000000000e+03 3.259810730275138069e-02
1.306000000000000000e+03 3.418003075473297764e-02
1.305000000000000000e+03 3.483495371611397551e-02
1.304000000000000000e+03 3.454021022455852630e-02
1.303000000000000000e+03 3.342276179907124195e-02
1.302000000000000000e+03 3.164018633509481371e-02
1.301000000000000000e+03 2.939876605984417454e-02
1.300000000000000000e+03 2.691671577270915439e-02
1.299000000000000000e+03 2.448861505820331200e-02
1.298000000000000000e+03 2.253392022908639464e-02
1.297000000000000000e+03 2.151605819276821568e-02
1.296000000000000000e+03 2.171463414667300362e-02
1.295000000000000000e+03 2.291190615147764911e-02
1.294000000000000000e+03 2.444914758685612713e-02
1.293000000000000000e+03 2.572947189794233883e-02
1.292000000000000000e+03 2.677106240958621389e-02
1.291000000000000000e+03 2.807602500696761497e-02
1.290000000000000000e+03 2.964872051419789253e-02
1.289000000000000000e+03 3.051238735033262248e-02
1.288000000000000000e+03 2.987899436412534346e-02
1.287000000000000000e+03 2.878153220316500421e-02
1.286000000000000000e+03 2.823618998281849507e-02
1.285000000000000000e+03 2.703710067578491208e-02
1.284000000000000000e+03 2.457403077331904440e-02
1.283000000000000000e+03 2.291841627233522083e-02
1.282000000000000000e+03 2.227359223339621733e-02
1.281000000000000000e+03 2.062981646901794822e-02
1.280000000000000000e+03 1.966828812196174184e-02
1.279000000000000000e+03 2.047805351617646222e-02
1.278000000000000000e+03 2.029186871562172270e-02
1.277000000000000000e+03 2.078004251223464910e-02
1.276000000000000000e+03 2.264836495763826452e-02
1.275000000000000000e+03 2.288775956368927986e-02
1.274000000000000000e+03 2.431598869574002827e-02
1.273000000000000000e+03 2.546009582841337812e-02
1.272000000000000000e+03 2.526641593630726476e-02
1.271000000000000000e+03 2.648545575936418414e-02
1.270000000000000000e+03 2.544113314195681555e-02
1.269000000000000000e+03 2.567220594526688215e-02
1.268000000000000000e+03 2.456363084256361906e-02
1.267000000000000000e+03 2.387787076990963153e-02
1.266000000000000000e+03 2.310293847410037349e-02
1.265000000000000000e+03 2.218106764533972486e-02
1.264000000000000000e+03 2.198499885829869813e-02
1.263000000000000000e+03 2.149447468405677603e-02
1.262000000000000000e+03 2.186002870921928756e-02
1.261000000000000000e+03 2.217826254243446607e-02
1.260000000000000000e+03 2.274654546451202602e-02
1.259000000000000000e+03 2.391642833596451315e-02
1.258000000000000000e+03 2.405746397556963317e-02
1.257000000000000000e+03 2.574772971251668499e-02
1.256000000000000000e+03 2.532462688175254190e-02
1.255000000000000000e+03 2.647777081188038006e-02
1.254000000000000000e+03 2.624069494650339146e-02
1.253000000000000000e+03 2.566707879148740629e-02
1.252000000000000000e+03 2.609116742484378013e-02
1.251000000000000000e+03 2.455231193124422437e-02
1.250000000000000000e+03 2.407991415920277337e-02
1.249000000000000000e+03 2.391144412087753066e-02
1.248000000000000000e+03 2.232395338737877891e-02
1.247000000000000000e+03 2.217076272415641550e-02
1.246000000000000000e+03 2.259504410313472808e-02
1.245000000000000000e+03 2.183977393025895303e-02
1.244000000000000000e+03 2.199675101133682920e-02
1.243000000000000000e+03 2.338946060166045490e-02
1.242000000000000000e+03 2.394609216094626195e-02
1.241000000000000000e+03 2.392521149077332654e-02
1.240000000000000000e+03 2.482910222913550444e-02
1.239000000000000000e+03 2.610737774459323535e-02
1.238000000000000000e+03 2.655484545161802476e-02
1.237000000000000000e+03 2.608877874240626837e-02
1.236000000000000000e+03 2.552427129758508273e-02
1.235000000000000000e+03 2.532665667144145746e-02
1.234000000000000000e+03 2.523664359378520808e-02
1.233000000000000000e+03 2.476034199824983170e-02
1.232000000000000000e+03 2.376091512890040822e-02
1.231000000000000000e+03 2.249705993366278925e-02
1.230000000000000000e+03 2.138270070736352294e-02
1.229000000000000000e+03 2.069434669435043714e-02
1.228000000000000000e+03 2.053404489882572348e-02
1.227000000000000000e+03 2.082379975554993906e-02
1.226000000000000000e+03 2.143342937820929758e-02
1.225000000000000000e+03 2.221915945303673534e-02
1.224000000000000000e+03 2.306158594261874598e-02
1.223000000000000000e+03 2.385208527660657649e-02
1.222000000000000000e+03 2.449828440840942298e-02
1.221000000000000000e+03 2.492424765673295281e-02
1.220000000000000000e+03 2.507318501717882564e-02
1.219000000000000000e+03 2.490416700358688215e-02
1.218000000000000000e+03 2.442334288048820037e-02
1.217000000000000000e+03 2.365954259598050669e-02
1.216000000000000000e+03 2.267500405114965603e-02
1.215000000000000000e+03 2.157672574157255482e-02
1.214000000000000000e+03 2.050650117653114377e-02
1.213000000000000000e+03 1.964710345080135367e-02
1.212000000000000000e+03 1.922307386538952417e-02
1.211000000000000000e+03 1.944211992945439268e-02
1.210000000000000000e+03 2.039524279453207994e-02
1.209000000000000000e+03 2.197677151236572188e-02
1.208000000000000000e+03 2.363135333711697747e-02
1.207000000000000000e+03 2.482927002047376555e-02
1.206000000000000000e+03 2.561554021748077212e-02
1.205000000000000000e+03 2.662965041512039763e-02
1.204000000000000000e+03 2.828232261528980385e-02
1.203000000000000000e+03 2.979256872113965338e-02
1.202000000000000000e+03 2.996697798328382123e-02
1.201000000000000000e+03 2.910075719804547378e-02
1.200000000000000000e+03 2.887116486979860938e-02
1.199000000000000000e+03 2.920228849357733511e-02
1.198000000000000000e+03 2.812305646234162029e-02
1.197000000000000000e+03 2.628501045671464281e-02
1.196000000000000000e+03 2.617478612423992587e-02
1.195000000000000000e+03 2.606198303757496088e-02
1.194000000000000000e+03 2.448421510544403212e-02
1.193000000000000000e+03 2.487918001978750571e-02
1.192000000000000000e+03 2.580512436920015876e-02
1.191000000000000000e+03 2.505533130002574049e-02
1.190000000000000000e+03 2.667756878516790164e-02
1.189000000000000000e+03 2.738713607485870200e-02
1.188000000000000000e+03 2.736630289641751174e-02
1.187000000000000000e+03 2.911381027609047031e-02
1.186000000000000000e+03 2.796562647464036558e-02
1.185000000000000000e+03 2.902775245516761929e-02
1.184000000000000000e+03 2.745631914688701977e-02
1.183000000000000000e+03 2.718135290484149230e-02
1.182000000000000000e+03 2.534271820310333295e-02
1.181000000000000000e+03 2.420541364722388761e-02
1.180000000000000000e+03 2.222633225014286618e-02
1.179000000000000000e+03 2.132613855192272770e-02
1.178000000000000000e+03 1.925360128678758886e-02
1.177000000000000000e+03 1.973333510344532638e-02
1.176000000000000000e+03 1.800128904140541053e-02
1.175000000000000000e+03 1.973469019229161930e-02
1.174000000000000000e+03 1.953255534133366278e-02
1.173000000000000000e+03 2.079193232825331944e-02
1.172000000000000000e+03 2.307951784063686299e-02
1.171000000000000000e+03 2.312555905282050878e-02
1.170000000000000000e+03 2.540272853007811971e-02
1.169000000000000000e+03 2.595963244614060000e-02
1.168000000000000000e+03 2.721811901295736677e-02
1.167000000000000000e+03 2.703448449374038984e-02
1.166000000000000000e+03 2.730792528651320578e-02
1.165000000000000000e+03 2.688518254242125427e-02
1.164000000000000000e+03 2.591566190926060734e-02
1.163000000000000000e+03 2.601724372178374281e-02
1.162000000000000000e+03 2.402709442623332525e-02
1.161000000000000000e+03 2.484839635165374608e-02
1.160000000000000000e+03 2.326841182695717908e-02
1.159000000000000000e+03 2.394653390623218900e-02
1.158000000000000000e+03 2.342036490075714156e-02
1.157000000000000000e+03 2.411223496945349640e-02
1.156000000000000000e+03 2.475047542605653128e-02
1.155000000000000000e+03 2.472886871351175769e-02
1.154000000000000000e+03 2.645342228016734146e-02
1.153000000000000000e+03 2.554371116907241945e-02
1.152000000000000000e+03 2.699605288600630607e-02
1.151000000000000000e+03 2.658317031083420531e-02
1.150000000000000000e+03 2.570017033100095369e-02
1.149000000000000000e+03 2.643915372609441372e-02
1.148000000000000000e+03 2.479766345060823926e-02
1.147000000000000000e+03 2.366654490089156737e-02
1.146000000000000000e+03 2.403163962615777541e-02
1.145000000000000000e+03 2.269651627065933513e-02
1.144000000000000000e+03 2.135923263725159407e-02
1.143000000000000000e+03 2.194757240490565614e-02
1.142000000000000000e+03 2.231730510916390270e-02
1.141000000000000000e+03 2.147649406061784977e-02
1.140000000000000000e+03 2.113900696987655939e-02
1.139000000000000000e+03 2.198873378171787088e-02
1.138000000000000000e+03 2.282647639903667355e-02
1.137000000000000000e+03 2.267536587703015277e-02
1.136000000000000000e+03 2.177661935387757708e-02
1.135000000000000000e+03 2.088232544021541293e-02
1.134000000000000000e+03 2.041210493364636544e-02
1.133000000000000000e+03 2.028410349208971744e-02
1.132000000000000000e+03 2.025715092747224291e-02
1.131000000000000000e+03 2.018744103141267149e-02
1.130000000000000000e+03 2.011263170905384923e-02
1.129000000000000000e+03 2.014497632658599977e-02
1.128000000000000000e+03 2.040424941265159275e-02
1.127000000000000000e+03 2.095520129944613077e-02
1.126000000000000000e+03 2.177914798438957897e-02
1.125000000000000000e+03 2.278640331637726141e-02
1.124000000000000000e+03 2.385554497471498517e-02
1.123000000000000000e+03 2.484934955825262790e-02
1.122000000000000000e+03 2.566110445857437000e-02
1.121000000000000000e+03 2.620617625660060998e-02
1.120000000000000000e+03 2.643285873519705259e-02
1.119000000000000000e+03 2.631205865835781546e-02
1.118000000000000000e+03 2.583355562888153822e-02
1.117000000000000000e+03 2.497831485461029025e-02
1.116000000000000000e+03 2.380629039457285087e-02
1.115000000000000000e+03 2.252025914609927584e-02
1.114000000000000000e+03 2.153914264974078271e-02
1.113000000000000000e+03 2.136920056152217390e-02
1.112000000000000000e+03 2.215364684545067728e-02
1.111000000000000000e+03 2.329130021327420474e-02
1.110000000000000000e+03 2.381202238161034268e-02
1.109000000000000000e+03 2.358003837479299633e-02
1.108000000000000000e+03 2.393009376942539443e-02
1.107000000000000000e+03 2.538336418501951561e-02
1.106000000000000000e+03 2.590725277880091132e-02
1.105000000000000000e+03 2.454991666405172829e-02
1.104000000000000000e+03 2.397729780430141872e-02
1.103000000000000000e+03 2.441176520812331219e-02
1.102000000000000000e+03 2.263435126219197346e-02
1.101000000000000000e+03 2.116514383473697136e-02
1.100000000000000000e+03 2.180693555977182563e-02
1.099000000000000000e+03 2.018129784178045866e-02
1.098000000000000000e+03 2.019194813656973592e-02
1.097000000000000000e+03 2.136926386563143404e-02
1.096000000000000000e+03 2.051585232812680459e-02
1.095000000000000000e+03 2.299697847379775228e-02
1.094000000000000000e+03 2.263003940740485748e-02
1.093000000000000000e+03 2.467201342329595690e-02
1.092000000000000000e+03 2.468981823782263885e-02
1.091000000000000000e+03 2.581912744662270484e-02
1.090000000000000000e+03 2.541086673625147715e-02
1.089000000000000000e+03 2.595184056459265073e-02
1.088000000000000000e+03 2.454246816749996660e-02
1.087000000000000000e+03 2.520898556665622167e-02
1.086000000000000000e+03 2.300964400466270349e-02
1.085000000000000000e+03 2.411651511490465680e-02
1.084000000000000000e+03 2.271952346961249314e-02
1.083000000000000000e+03 2.308269912819565714e-02
1.082000000000000000e+03 2.444943527828394650e-02
1.081000000000000000e+03 2.371840229116697549e-02
1.080000000000000000e+03 2.555266115341663785e-02
1.079000000000000000e+03 2.701094592317902776e-02
1.078000000000000000e+03 2.641392007020313890e-02
1.077000000000000000e+03 2.723526278794958025e-02
1.076000000000000000e+03 2.840903307481613266e-02
1.075000000000000000e+03 2.745647684544793785e-02
1.074000000000000000e+03 2.586613702718750657e-02
1.073000000000000000e+03 2.547516475276819306e-02
1.072000000000000000e+03 2.553672257410427582e-02
1.071000000000000000e+03 2.478649962073601817e-02
1.070000000000000000e+03 2.338939151208121320e-02
1.069000000000000000e+03 2.236178768196234179e-02
1.068000000000000000e+03 2.216534576041438720e-02
1.067000000000000000e+03 2.266871947554907618e-02
1.066000000000000000e+03 2.345812409363859374e-02
1.065000000000000000e+03 2.415961065212992795e-02
1.064000000000000000e+03 2.457263495148191701e-02
1.063000000000000000e+03 2.461832747544681621e-02
1.062000000000000000e+03 2.429615780032482603e-02
1.061000000000000000e+03 2.365613443372463487e-02
1.060000000000000000e+03 2.279262724962506995e-02
1.059000000000000000e+03 2.182951495704246389e-02
1.058000000000000000e+03 2.091766228810352721e-02
1.057000000000000000e+03 2.017743948165299714e-02
1.056000000000000000e+03 1.970088542663940914e-02
1.055000000000000000e+03 1.951965290881911910e-02
1.054000000000000000e+03 1.967522510021186416e-02
1.053000000000000000e+03 2.026031033967827522e-02
1.052000000000000000e+03 2.142496799650311229e-02
1.051000000000000000e+03 2.310285502018629908e-02
1.050000000000000000e+03 2.474986940208284691e-02
1.049000000000000000e+03 2.541278868649656658e-02
1.048000000000000000e+03 2.469878757776435008e-02
1.047000000000000000e+03 2.388273963204319561e-02
1.046000000000000000e+03 2.424912257594094914e-02
1.045000000000000000e+03 2.445618472915990493e-02
1.044000000000000000e+03 2.301698753047971141e-02
1.043000000000000000e+03 2.243021630804825639e-02
1.042000000000000000e+03 2.385613523457024224e-02
1.041000000000000000e+03 2.361704018515458497e-02
1.040000000000000000e+03 2.364137509967912526e-02
1.039000000000000000e+03 2.574412096273305528e-02
1.038000000000000000e+03 2.509914168435715270e-02
1.037000000000000000e+03 2.599160084685553720e-02
1.036000000000000000e+03 2.609754434752122043e-02
1.035000000000000000e+03 2.473072293099432689e-02
1.034000000000000000e+03 2.488202660639540417e-02
1.033000000000000000e+03 2.217528783828542210e-02
1.032000000000000000e+03 2.211823633508086875e-02
1.031000000000000000e+03 1.932083826539223240e-02
1.030000000000000000e+03 1.953503627507494761e-02
1.029000000000000000e+03 1.801095290656491016e-02
1.028000000000000000e+03 1.838939765506670751e-02
1.027000000000000000e+03 1.928572264840140715e-02
1.026000000000000000e+03 1.893673134125773219e-02
1.025000000000000000e+03 2.142972590308488828e-02
1.024000000000000000e+03 2.144459731164067781e-02
1.023000000000000000e+03 2.164268962999641929e-02
1.022000000000000000e+03 2.332096061545960511e-02
1.021000000000000000e+03 2.268804805218947035e-02
1.020000000000000000e+03 2.154879274168417652e-02
1.019000000000000000e+03 2.222786153338679460e-02
1.018000000000000000e+03 2.286581507870500893e-02
1.017000000000000000e+03 2.229135920344973987e-02
1.016000000000000000e+03 2.186699206819382735e-02
1.015000000000000000e+03 2.272742267068953922e-02
1.014000000000000000e+03 2.442068786264878569e-02
1.013000000000000000e+03 2.594234964083892356e-02
1.012000000000000000e+03 2.679302419016564921e-02
1.011000000000000000e+03 2.697780082749381969e-02
1.010000000000000000e+03 2.669494117565952146e-02
1.009000000000000000e+03 2.613731296173522553e-02
1.008000000000000000e+03 2.538609235342818848e-02
1.007000000000000000e+03 2.456566671485843276e-02
1.006000000000000000e+03 2.387384687687076762e-02
1.005000000000000000e+03 2.350942646743087519e-02
1.004000000000000000e+03 2.362325684030076173e-02
1.003000000000000000e+03 2.424405123887047112e-02
1.002000000000000000e+03 2.521860822060306012e-02
1.001000000000000000e+03 2.617653400939251584e-02
1.000000000000000000e+03 2.663628172109427233e-02
9.990000000000000000e+02 2.628709024911664999e-02
9.980000000000000000e+02 2.545362764239655559e-02
9.970000000000000000e+02 2.500826826553811597e-02
9.960000000000000000e+02 2.535901180502553309e-02
9.950000000000000000e+02 2.536363438048492430e-02
9.940000000000000000e+02 2.395362596065400695e-02
9.930000000000000000e+02 2.297051673566992067e-02
9.920000000000000000e+02 2.435587711878818562e-02
9.910000000000000000e+02 2.511711348013741935e-02
9.900000000000000000e+02 2.431160228772508841e-02
9.890000000000000000e+02 2.602334293449175273e-02
9.880000000000000000e+02 2.655330934498699447e-02
9.870000000000000000e+02 2.533302484035476407e-02
9.860000000000000000e+02 2.644226555493198877e-02
9.850000000000000000e+02 2.381728297192828303e-02
9.840000000000000000e+02 2.376758562578700634e-02
9.830000000000000000e+02 2.131354298938842318e-02
9.820000000000000000e+02 2.116725236593395773e-02
9.810000000000000000e+02 1.959883353529206368e-02
9.800000000000000000e+02 2.093303420254593455e-02
9.790000000000000000e+02 2.000626073814068887e-02
9.780000000000000000e+02 2.254764566327792721e-02
9.770000000000000000e+02 2.215025179077633952e-02
9.760000000000000000e+02 2.303250562047633523e-02
9.750000000000000000e+02 2.411579125818037045e-02
9.740000000000000000e+02 2.236181442319980575e-02
9.730000000000000000e+02 2.206523562373459077e-02
9.720000000000000000e+02 2.231337888193889521e-02
9.710000000000000000e+02 2.072624353802347830e-02
9.700000000000000000e+02 1.940277494104640163e-02
9.690000000000000000e+02 1.995091016317134675e-02
9.680000000000000000e+02 2.129438967620171999e-02
9.670000000000000000e+02 2.222064282005960581e-02
9.660000000000000000e+02 2.252913062592924037e-02
9.650000000000000000e+02 2.246982634165228462e-02
9.640000000000000000e+02 2.217462247482101731e-02
9.630000000000000000e+02 2.164532219482407510e-02
9.620000000000000000e+02 2.092382809596571649e-02
9.610000000000000000e+02 2.014532371890710716e-02
9.600000000000000000e+02 1.953653937618038058e-02
9.590000000000000000e+02 1.930577039742701131e-02
9.580000000000000000e+02 1.960072205717759003e-02
9.570000000000000000e+02 2.047336088892017653e-02
9.560000000000000000e+02 2.187629690692723464e-02
9.550000000000000000e+02 2.356400247643042345e-02
9.540000000000000000e+02 2.493973494075120076e-02
9.530000000000000000e+02 2.520473797869239238e-02
9.520000000000000000e+02 2.406449140002272710e-02
9.510000000000000000e+02 2.235371076305095461e-02
9.500000000000000000e+02 2.077273650461848933e-02
9.490000000000000000e+02 1.685934227538269520e-02
9.480000000000000000e+02 9.613591414683708702e-03
9.470000000000000000e+02 4.316582294235782671e-03
9.460000000000000000e+02 2.039996796083353402e-03
9.450000000000000000e+02 9.031120400350572692e-04
9.440000000000000000e+02 3.793019641487712030e-04
9.430000000000000000e+02 1.795339571859956161e-04
9.420000000000000000e+02 7.643518299578647504e-05
9.410000000000000000e+02 3.667052438409167711e-05
9.400000000000000000e+02 1.748379384189624239e-05
9.390000000000000000e+02 9.245702123742547646e-06
9.380000000000000000e+02 5.192505622211945544e-06
9.370000000000000000e+02 3.410300849352538706e-06
9.360000000000000000e+02 2.265012881175574630e-06
9.350000000000000000e+02 1.814097024408845575e-06
9.340000000000000000e+02 1.344380360784611814e-06
9.330000000000000000e+02 1.095535855684530391e-06
9.320000000000000000e+02 9.562073147521831588e-07
9.310000000000000000e+02 8.557026952284568046e-07
9.300000000000000000e+02 9.997772488974369060e-07
9.290000000000000000e+02 1.432124982853372150e-06
9.280000000000000000e+02 1.998469229663722401e-06
9.270000000000000000e+02 2.507514674559959293e-06
9.260000000000000000e+02 2.863499498442375097e-06
9.250000000000000000e+02 3.129210700062289848e-06
9.240000000000000000e+02 3.477705915069032903e-06
9.230000000000000000e+02 4.143292175133801441e-06
9.220000000000000000e+02 5.364938979373578083e-06
9.210000000000000000e+02 6.637994186242792354e-06
9.200000000000000000e+02 5.463203941656705762e-06
9.190000000000000000e+02 2.600328518264000915e-06
9.180000000000000000e+02 1.072563844123969662e-06
9.170000000000000000e+02 7.255686094146822787e-07
9.160000000000000000e+02 4.885010911295229848e-07
9.150000000000000000e+02 3.088243946761511305e-07
9.140000000000000000e+02 2.150932028356191756e-07
9.130000000000000000e+02 1.671595116652890274e-07
9.120000000000000000e+02 1.426933743745014557e-07
9.110000000000000000e+02 1.276168207299910788e-07
9.100000000000000000e+02 1.162387652936682227e-07
9.090000000000000000e+02 1.056695534515911150e-07
9.080000000000000000e+02 9.044239802116372497e-08
9.070000000000000000e+02 6.845593612146540521e-08
9.060000000000000000e+02 4.701335235044976903e-08
9.050000000000000000e+02 3.136574860997001489e-08
9.040000000000000000e+02 2.178185041844419674e-08
9.030000000000000000e+02 1.661433630228399001e-08
9.020000000000000000e+02 1.498764250891522539e-08
9.010000000000000000e+02 1.755515078578496979e-08
9.000000000000000000e+02 2.355517070860812252e-08
