2.600000000000000000e+03 2.787177918530537758e-09
2.599000000000000000e+03 3.007145159997328051e-09
2.598000000000000000e+03 3.361949676518100855e-09
2.597000000000000000e+03 3.773131796107000109e-09
2.596000000000000000e+03 4.074264909869675735e-09
2.595000000000000000e+03 4.339780101516596477e-09
2.594000000000000000e+03 4.771581816567202959e-09
2.593000000000000000e+03 5.417789523234316411e-09
2.592000000000000000e+03 6.075188311225205144e-09
2.591000000000000000e+03 6.567510282921024764e-09
2.590000000000000000e+03 7.075730712968272267e-09
2.589000000000000000e+03 7.889950353765291140e-09
2.588000000000000000e+03 8.973586056685387251e-09
2.587000000000000000e+03 9.903943644921483219e-09
2.586000000000000000e+03 1.050827829094159134e-08
2.585000000000000000e+03 1.119286214877583351e-08
2.584000000000000000e+03 1.238000730555959474e-08
2.583000000000000000e+03 1.348497200939777495e-08
2.582000000000000000e+03 1.410634599032822890e-08
2.581000000000000000e+03 1.421706537894485554e-08
2.580000000000000000e+03 1.453824673628036015e-08
2.579000000000000000e+03 1.516359150068915707e-08
2.578000000000000000e+03 1.540937720018412082e-08
2.577000000000000000e+03 1.493299434231124318e-08
2.576000000000000000e+03 1.419515555111418069e-08
2.575000000000000000e+03 1.384929577898933993e-08
2.574000000000000000e+03 1.373817261083579712e-08
2.573000000000000000e+03 1.314383755041838177e-08
2.572000000000000000e+03 1.212692864497562183e-08
2.571000000000000000e+03 1.124021111922270089e-08
2.570000000000000000e+03 1.081716964545958295e-08
2.569000000000000000e+03 1.042883714014157260e-08
2.568000000000000000e+03 9.659646771053623495e-09
2.567000000000000000e+03 8.763679523582223110e-09
2.566000000000000000e+03 8.148215162865298387e-09
2.565000000000000000e+03 7.795680889410953253e-09
2.564000000000000000e+03 7.379823614405198755e-09
2.563000000000000000e+03 6.681299659539580322e-09
2.562000000000000000e+03 6.066057861346852303e-09
2.561000000000000000e+03 5.723126255266534789e-09
2.560000000000000000e+03 5.481068453791594817e-09
2.559000000000000000e+03 5.079212177103496878e-09
2.558000000000000000e+03 4.591744312633378362e-09
2.557000000000000000e+03 4.224887293792630968e-09
2.556000000000000000e+03 4.060713126116740040e-09
2.555000000000000000e+03 3.871874895612618005e-09
2.554000000000000000e+03 3.573008887886437800e-09
2.553000000000000000e+03 3.253503596104794805e-09
2.552000000000000000e+03 3.106399363432196101e-09
2.551000000000000000e+03 3.033565482617203207e-09
2.550000000000000000e+03 2.896590320832230552e-09
2.549000000000000000e+03 2.690737606459626094e-09
2.548000000000000000e+03 2.539121065756923928e-09
2.547000000000000000e+03 2.504889712462190125e-09
2.546000000000000000e+03 2.481326123052456764e-09
2.545000000000000000e+03 2.381023102046162632e-09
2.544000000000000000e+03 2.255257391836173126e-09
2.543000000000000000e+03 2.213645159516646160e-09
2.542000000000000000e+03 2.245480818920314148e-09
2.541000000000000000e+03 2.241057483917915801e-09
2.540000000000000000e+03 2.165706358876102131e-09
2.539000000000000000e+03 2.127463820208057090e-09
2.538000000000000000e+03 2.184600661138609282e-09
2.537000000000000000e+03 2.262171129087001182e-09
2.536000000000000000e+03 2.272455277262514722e-09
2.535000000000000000e+03 2.254505937890741563e-09
2.534000000000000000e+03 2.315805946199863651e-09
2.533000000000000000e+03 2.458595014365211250e-09
2.532000000000000000e+03 2.570680546746681102e-09
2.531000000000000000e+03 2.611439408126200051e-09
2.530000000000000000e+03 2.688815862552705829e-09
2.529000000000000000e+03 2.859463646087309034e-09
2.528000000000000000e+03 3.064544894743878243e-09
2.527000000000000000e+03 3.189911578049736217e-09
2.526000000000000000e+03 3.278174002989237686e-09
2.525000000000000000e+03 3.459676520402765817e-09
2.524000000000000000e+03 3.760286851276280001e-09
2.523000000000000000e+03 3.980959296966860688e-09
2.522000000000000000e+03 4.068550525070637232e-09
2.521000000000000000e+03 4.194904162069854442e-09
2.520000000000000000e+03 4.389149297393481171e-09
2.519000000000000000e+03 4.521543985299938533e-09
2.518000000000000000e+03 4.550376736340653588e-09
2.517000000000000000e+03 4.366936563158000834e-09
2.516000000000000000e+03 4.223445433838198321e-09
2.515000000000000000e+03 4.132496254275993123e-09
2.514000000000000000e+03 3.871572037413072964e-09
2.513000000000000000e+03 3.433634783469893686e-09
2.512000000000000000e+03 3.073762433283568934e-09
2.511000000000000000e+03 2.841647472325247410e-09
2.510000000000000000e+03 2.579309024537882273e-09
2.509000000000000000e+03 2.260021560444025733e-09
2.508000000000000000e+03 1.976302800330968976e-09
2.507000000000000000e+03 1.738156867015718298e-09
2.506000000000000000e+03 1.670145309570164964e-09
2.505000000000000000e+03 1.476876811882606855e-09
2.504000000000000000e+03 1.304033273043343866e-09
2.503000000000000000e+03 1.185482775539423689e-09
2.502000000000000000e+03 1.112462314361778227e-09
2.501000000000000000e+03 1.029261840256717310e-09
2.500000000000000000e+03 9.293203391742309889e-10
2.499000000000000000e+03 8.440017707758345206e-10
2.498000000000000000e+03 7.969538215318411778e-10
2.497000000000000000e+03 7.556943880147565175e-10
2.496000000000000000e+03 6.946946334976926411e-10
2.495000000000000000e+03 6.371223337988251087e-10
2.494000000000000000e+03 6.074809737481018018e-10
2.493000000000000000e+03 5.914086245872271590e-10
2.492000000000000000e+03 5.620135712162499629e-10
2.491000000000000000e+03 5.241681363879712506e-10
2.490000000000000000e+03 5.031125351890260255e-10
2.489000000000000000e+03 5.043254559497783679e-10
2.488000000000000000e+03 4.995398945269671107e-10
2.487000000000000000e+03 4.810982678315460965e-10
2.486000000000000000e+03 4.697569571285000359e-10
2.485000000000000000e+03 4.776306362852964688e-10
2.484000000000000000e+03 4.876403466781041726e-10
2.483000000000000000e+03 4.832297127233514900e-10
2.482000000000000000e+03 4.770087249406091525e-10
2.481000000000000000e+03 4.908852853414910044e-10
2.480000000000000000e+03 5.146524444684712229e-10
2.479000000000000000e+03 5.281471099254791230e-10
2.478000000000000000e+03 5.323784178286131197e-10
2.477000000000000000e+03 5.546797270154362194e-10
2.476000000000000000e+03 5.972050287433045477e-10
2.475000000000000000e+03 6.359296441609392806e-10
2.474000000000000000e+03 6.617866863692461970e-10
2.473000000000000000e+03 7.021757709198292095e-10
2.472000000000000000e+03 7.763039881134508183e-10
2.471000000000000000e+03 8.614501755830651504e-10
2.470000000000000000e+03 9.308563567792514618e-10
2.469000000000000000e+03 1.017708090481720174e-09
2.468000000000000000e+03 1.161069575516121486e-09
2.467000000000000000e+03 1.347097084505451224e-09
2.466000000000000000e+03 1.525118504786862090e-09
2.465000000000000000e+03 1.718487922586819768e-09
2.464000000000000000e+03 2.003887804589060640e-09
2.463000000000000000e+03 2.375969814502204485e-09
2.462000000000000000e+03 2.699677381259275197e-09
2.461000000000000000e+03 2.971393432928085562e-09
2.460000000000000000e+03 3.192277245497867286e-09
2.459000000000000000e+03 3.410825447259285204e-09
2.458000000000000000e+03 3.353895544559064421e-09
2.457000000000000000e+03 3.062766604322725437e-09
2.456000000000000000e+03 2.713374056467968977e-09
2.455000000000000000e+03 2.426303273676857191e-09
2.454000000000000000e+03 2.088535021218014406e-09
2.453000000000000000e+03 1.726631764663601947e-09
2.452000000000000000e+03 1.433688541896796643e-09
2.451000000000000000e+03 1.239285686828662323e-09
2.450000000000000000e+03 1.078895911375493045e-09
2.449000000000000000e+03 9.139949481819667087e-10
2.448000000000000000e+03 7.797501673555298997e-10
2.447000000000000000e+03 6.962780900234326513e-10
2.446000000000000000e+03 6.325796220864017579e-10
2.445000000000000000e+03 5.616771443803624855e-10
2.444000000000000000e+03 4.964763819436748096e-10
2.443000000000000000e+03 4.567794143638138173e-10
2.442000000000000000e+03 4.310808511912778969e-10
2.441000000000000000e+03 3.996640485881791856e-10
2.440000000000000000e+03 3.650388849561755670e-10
2.439000000000000000e+03 3.427413817608458840e-10
2.438000000000000000e+03 3.356589548759017683e-10
2.437000000000000000e+03 3.204109422107659523e-10
2.436000000000000000e+03 3.015293467163942600e-10
2.435000000000000000e+03 2.890486198638420430e-10
2.434000000000000000e+03 2.897993215587833927e-10
2.433000000000000000e+03 2.853047200371404843e-10
2.432000000000000000e+03 2.745218581308697171e-10
2.431000000000000000e+03 2.702070019984137305e-10
2.430000000000000000e+03 2.772066224255070773e-10
2.429000000000000000e+03 2.810039268636553649e-10
2.428000000000000000e+03 2.779649636912962327e-10
2.427000000000000000e+03 2.771270194272839405e-10
2.426000000000000000e+03 2.883883444886828472e-10
2.425000000000000000e+03 3.007267951408487956e-10
2.424000000000000000e+03 3.052024821134432342e-10
2.423000000000000000e+03 3.125107731492239404e-10
2.422000000000000000e+03 3.333911961093522598e-10
2.421000000000000000e+03 3.547314407104687143e-10
2.420000000000000000e+03 3.687865162665086549e-10
2.419000000000000000e+03 3.835585473596040400e-10
2.418000000000000000e+03 4.142588509603341194e-10
2.417000000000000000e+03 4.502310660556593166e-10
2.416000000000000000e+03 4.758997046543116160e-10
2.415000000000000000e+03 4.969787510062485566e-10
2.414000000000000000e+03 5.388722204721648118e-10
2.413000000000000000e+03 5.853724284153577809e-10
2.412000000000000000e+03 6.104418194691216395e-10
2.411000000000000000e+03 6.228173421388870933e-10
2.410000000000000000e+03 6.481250635111196199e-10
2.409000000000000000e+03 6.713383618850289289e-10
2.408000000000000000e+03 6.604572777795589569e-10
2.407000000000000000e+03 6.285281608306893810e-10
2.406000000000000000e+03 6.065985709403978500e-10
2.405000000000000000e+03 5.850473064642955416e-10
2.404000000000000000e+03 5.377312008848297588e-10
2.403000000000000000e+03 4.810782691131729485e-10
2.402000000000000000e+03 4.407991066555986479e-10
2.401000000000000000e+03 4.116942866590540411e-10
2.400000000000000000e+03 3.694435588665338512e-10
2.399000000000000000e+03 3.269020982694654966e-10
2.398000000000000000e+03 3.002178880689572337e-10
2.397000000000000000e+03 2.806106882313907585e-10
2.396000000000000000e+03 2.569439305751122365e-10
2.395000000000000000e+03 2.310709961618995535e-10
2.394000000000000000e+03 2.162459450822822742e-10
2.393000000000000000e+03 2.076216020361225477e-10
2.392000000000000000e+03 1.948983245303208022e-10
2.391000000000000000e+03 1.807523900357325152e-10
2.390000000000000000e+03 1.747221695820553545e-10
2.389000000000000000e+03 1.731044257102903668e-10
2.388000000000000000e+03 1.675433654458390745e-10
2.387000000000000000e+03 1.609756956502033809e-10
2.386000000000000000e+03 1.609292552119047221e-10
2.385000000000000000e+03 1.653557347856868978e-10
2.384000000000000000e+03 1.661146575878738254e-10
2.383000000000000000e+03 1.662390530751439322e-10
2.382000000000000000e+03 1.736814394211117030e-10
2.381000000000000000e+03 1.866097199568840982e-10
2.380000000000000000e+03 1.967778432821212118e-10
2.379000000000000000e+03 2.075930886137919797e-10
2.378000000000000000e+03 2.309821484393765367e-10
2.377000000000000000e+03 2.651122450560228746e-10
2.376000000000000000e+03 3.015190884733464022e-10
2.375000000000000000e+03 3.486485175761542213e-10
2.374000000000000000e+03 4.347867521637451498e-10
2.373000000000000000e+03 5.721410494947974504e-10
2.372000000000000000e+03 7.729504897412151129e-10
2.371000000000000000e+03 1.128284684957134301e-09
2.370000000000000000e+03 1.901313611158244842e-09
2.369000000000000000e+03 3.396258322590826849e-09
2.368000000000000000e+03 4.677727128084141311e-09
2.367000000000000000e+03 4.365995679464858612e-09
2.366000000000000000e+03 3.104202461603762474e-09
2.365000000000000000e+03 1.808141857221654113e-09
2.364000000000000000e+03 9.302645569256800595e-10
2.363000000000000000e+03 5.222217765248152587e-10
2.362000000000000000e+03 3.339702268581360885e-10
2.361000000000000000e+03 2.278330589826105358e-10
2.360000000000000000e+03 1.581016534989171076e-10
2.359000000000000000e+03 1.151622356849354781e-10
2.358000000000000000e+03 8.959876643408687697e-11
2.357000000000000000e+03 7.059477026178785147e-11
2.356000000000000000e+03 5.467282840881982104e-11
2.355000000000000000e+03 4.395619663386099149e-11
2.354000000000000000e+03 3.704638614401961365e-11
2.353000000000000000e+03 3.090905272063270105e-11
2.352000000000000000e+03 2.535208952460015369e-11
2.351000000000000000e+03 2.148430094007351215e-11
2.350000000000000000e+03 1.886904995284495305e-11
2.349000000000000000e+03 1.626977277290204180e-11
2.348000000000000000e+03 1.379404672919297600e-11
2.347000000000000000e+03 1.210715680666760651e-11
2.346000000000000000e+03 1.093707930367078248e-11
2.345000000000000000e+03 9.630437895004047919e-12
2.344000000000000000e+03 8.376103615778010430e-12
2.343000000000000000e+03 7.567220491929333692e-12
2.342000000000000000e+03 6.959522085209092808e-12
2.341000000000000000e+03 6.216504135056775832e-12
2.340000000000000000e+03 5.516006140166420977e-12
2.339000000000000000e+03 5.107326496812138217e-12
2.338000000000000000e+03 4.769656347416490792e-12
2.337000000000000000e+03 4.292682643250934585e-12
2.336000000000000000e+03 3.906655051527915487e-12
2.335000000000000000e+03 3.715630691889266288e-12
2.334000000000000000e+03 3.478474056247627853e-12
2.333000000000000000e+03 3.183240285180334176e-12
2.332000000000000000e+03 2.951231445911987954e-12
2.331000000000000000e+03 2.861616221612997022e-12
2.330000000000000000e+03 2.707359021119942255e-12
2.329000000000000000e+03 2.511867438588966731e-12
2.328000000000000000e+03 2.382349014083136125e-12
2.327000000000000000e+03 2.331612053429559048e-12
2.326000000000000000e+03 2.219390472105494471e-12
2.325000000000000000e+03 2.083467704477710098e-12
2.324000000000000000e+03 2.034345134284731319e-12
2.323000000000000000e+03 2.010705157910960346e-12
2.322000000000000000e+03 1.921809349649308838e-12
2.321000000000000000e+03 1.841369139247622775e-12
2.320000000000000000e+03 1.834532556281892418e-12
2.319000000000000000e+03 1.825010475344050576e-12
2.318000000000000000e+03 1.755773478315821831e-12
2.317000000000000000e+03 1.717936670731297439e-12
2.316000000000000000e+03 1.741706986765905211e-12
2.315000000000000000e+03 1.736498227622612187e-12
2.314000000000000000e+03 1.689006440107049383e-12
2.313000000000000000e+03 1.691374089686831712e-12
2.312000000000000000e+03 1.734083241643888778e-12
2.311000000000000000e+03 1.732026946275770651e-12
2.310000000000000000e+03 1.706786403192323418e-12
2.309000000000000000e+03 1.746329489349526169e-12
2.308000000000000000e+03 1.803341301464337291e-12
2.307000000000000000e+03 1.801947635649817760e-12
2.306000000000000000e+03 1.808570300359568716e-12
2.305000000000000000e+03 1.885412136016600370e-12
2.304000000000000000e+03 1.950893820983289470e-12
2.303000000000000000e+03 1.960964361496587761e-12
2.302000000000000000e+03 2.012322433821919036e-12
2.301000000000000000e+03 2.131318820523212877e-12
2.300000000000000000e+03 2.203904600650158468e-12
2.299000000000000000e+03 2.239620712830907092e-12
2.298000000000000000e+03 2.355891946872163013e-12
2.297000000000000000e+03 2.518647493294546139e-12
2.296000000000000000e+03 2.607664044598116531e-12
2.295000000000000000e+03 2.703886479060802583e-12
2.294000000000000000e+03 2.912046130335462455e-12
2.293000000000000000e+03 3.133189182317510541e-12
2.292000000000000000e+03 3.273520951694938022e-12
2.291000000000000000e+03 3.487877516580124165e-12
2.290000000000000000e+03 3.856245729664087174e-12
2.289000000000000000e+03 4.182079798874311163e-12
2.288000000000000000e+03 4.487070080047961602e-12
2.287000000000000000e+03 4.975264830456754097e-12
2.286000000000000000e+03 5.626739775081336921e-12
2.285000000000000000e+03 6.205134912681719872e-12
2.284000000000000000e+03 6.929646934284798145e-12
2.283000000000000000e+03 8.090150415342298053e-12
2.282000000000000000e+03 9.471560299406329742e-12
2.281000000000000000e+03 1.093805597309666028e-11
2.280000000000000000e+03 1.315462007176360414e-11
2.279000000000000000e+03 1.662940839172012180e-11
2.278000000000000000e+03 2.099170658898253876e-11
2.277000000000000000e+03 2.711613310304500013e-11
2.276000000000000000e+03 3.859118543322142672e-11
2.275000000000000000e+03 5.904756956716076001e-11
2.274000000000000000e+03 9.851365268151957941e-11
2.273000000000000000e+03 2.075134162085346851e-10
2.272000000000000000e+03 6.818115914659417819e-10
2.271000000000000000e+03 1.435011419577384645e-09
2.270000000000000000e+03 1.371622135869556417e-09
2.269000000000000000e+03 7.250500823920600634e-10
2.268000000000000000e+03 2.378424648271571447e-10
2.267000000000000000e+03 1.048856185557684522e-10
2.266000000000000000e+03 5.946847076194161248e-11
2.265000000000000000e+03 3.980699524229968359e-11
2.264000000000000000e+03 2.865670872674017500e-11
2.263000000000000000e+03 2.118474238525567263e-11
2.262000000000000000e+03 1.674497338632562226e-11
2.261000000000000000e+03 1.393279850314444360e-11
2.260000000000000000e+03 1.156603050348326688e-11
2.259000000000000000e+03 9.703271923945395219e-12
2.258000000000000000e+03 8.614335146240029375e-12
2.257000000000000000e+03 7.702391588609970932e-12
2.256000000000000000e+03 6.791609114198386247e-12
2.255000000000000000e+03 6.153444168059839619e-12
2.254000000000000000e+03 5.784713230226227418e-12
2.253000000000000000e+03 5.352311328221695010e-12
2.252000000000000000e+03 4.925840428564570650e-12
2.251000000000000000e+03 4.711258912582697906e-12
2.250000000000000000e+03 4.546536750306363661e-12
2.249000000000000000e+03 4.277566402372643449e-12
2.248000000000000000e+03 4.124190969977153512e-12
2.247000000000000000e+03 4.073924619328977267e-12
2.246000000000000000e+03 3.981057954574270448e-12
2.245000000000000000e+03 3.831155923059454958e-12
2.244000000000000000e+03 3.833127505564744900e-12
2.243000000000000000e+03 3.827100866935009849e-12
2.242000000000000000e+03 3.744421129922294297e-12
2.241000000000000000e+03 3.718754582712273672e-12
2.240000000000000000e+03 3.812579388454885452e-12
2.239000000000000000e+03 3.799947144009484646e-12
2.238000000000000000e+03 3.787934461706927004e-12
2.237000000000000000e+03 3.874685365195094256e-12
2.236000000000000000e+03 3.975118656490194954e-12
2.235000000000000000e+03 3.973309638861834085e-12
2.234000000000000000e+03 4.065947496910474180e-12
2.233000000000000000e+03 4.252561422643815830e-12
2.232000000000000000e+03 4.341409713312271583e-12
2.231000000000000000e+03 4.383991668081915277e-12
2.230000000000000000e+03 4.598811732101370254e-12
2.229000000000000000e+03 4.833942974040358206e-12
2.228000000000000000e+03 4.919147664717835568e-12
2.227000000000000000e+03 5.131344143767282736e-12
2.226000000000000000e+03 5.466140496373902583e-12
2.225000000000000000e+03 5.653816982342605331e-12
2.224000000000000000e+03 5.862914845573387864e-12
2.223000000000000000e+03 6.313025857945505021e-12
2.222000000000000000e+03 6.702561554666706390e-12
2.221000000000000000e+03 6.982575578088953517e-12
2.220000000000000000e+03 7.484143228089801810e-12
2.219000000000000000e+03 8.177605713510612636e-12
2.218000000000000000e+03 8.640789882923839260e-12
2.217000000000000000e+03 9.247663900947599235e-12
2.216000000000000000e+03 1.024851041028147187e-11
2.215000000000000000e+03 1.114536993637531362e-11
2.214000000000000000e+03 1.199761599292182927e-11
2.213000000000000000e+03 1.336940929756554251e-11
2.212000000000000000e+03 1.501474770104875102e-11
2.211000000000000000e+03 1.645880313619919861e-11
2.210000000000000000e+03 1.844739073514642058e-11
2.209000000000000000e+03 2.128950090089995092e-11
2.208000000000000000e+03 2.405763290452003718e-11
2.207000000000000000e+03 2.734115126169357766e-11
2.206000000000000000e+03 3.217402473863686703e-11
2.205000000000000000e+03 3.778627153375273246e-11
2.204000000000000000e+03 4.370239216964746651e-11
2.203000000000000000e+03 5.249828381310391507e-11
2.202000000000000000e+03 6.397934457129888587e-11
2.201000000000000000e+03 7.633618544680201463e-11
2.200000000000000000e+03 9.276008598451910413e-11
2.199000000000000000e+03 1.167239100488987112e-10
2.198000000000000000e+03 1.434300144837425999e-10
2.197000000000000000e+03 1.743398643966928560e-10
2.196000000000000000e+03 2.174766349168197622e-10
2.195000000000000000e+03 2.651525331588998368e-10
2.194000000000000000e+03 3.093917714347676020e-10
2.193000000000000000e+03 3.595032033869684483e-10
2.192000000000000000e+03 4.087389106936799492e-10
2.191000000000000000e+03 4.347222518302874638e-10
2.190000000000000000e+03 4.529763685805431610e-10
2.189000000000000000e+03 4.718628332851696761e-10
2.188000000000000000e+03 4.697977611847667799e-10
2.187000000000000000e+03 4.606803984300006806e-10
2.186000000000000000e+03 4.609927234969858066e-10
2.185000000000000000e+03 4.613227967773235432e-10
2.184000000000000000e+03 4.502471581267754037e-10
2.183000000000000000e+03 4.583272658149787939e-10
2.182000000000000000e+03 4.724502248393840931e-10
2.181000000000000000e+03 4.798806773478971710e-10
2.180000000000000000e+03 4.981715018015366218e-10
2.179000000000000000e+03 5.358884953575731319e-10
2.178000000000000000e+03 5.701552741084111418e-10
2.177000000000000000e+03 6.119303078423399152e-10
2.176000000000000000e+03 6.885689707178222627e-10
2.175000000000000000e+03 7.717955697143544512e-10
2.174000000000000000e+03 8.606352330317743028e-10
2.173000000000000000e+03 1.005955338204943657e-09
2.172000000000000000e+03 1.185558741749077913e-09
2.171000000000000000e+03 1.367829440758751691e-09
2.170000000000000000e+03 1.607556914841425535e-09
2.169000000000000000e+03 1.884407635653362276e-09
2.168000000000000000e+03 2.070328045387067279e-09
2.167000000000000000e+03 2.168055432026659263e-09
2.166000000000000000e+03 2.173185667107323305e-09
2.165000000000000000e+03 1.985526716905554279e-09
2.164000000000000000e+03 1.698986184228144542e-09
2.163000000000000000e+03 1.438646050890892930e-09
2.162000000000000000e+03 1.176583453885184979e-09
2.161000000000000000e+03 9.387698101187397474e-10
2.160000000000000000e+03 7.730404898431898837e-10
2.159000000000000000e+03 6.422793638485693882e-10
2.158000000000000000e+03 5.256428465903393209e-10
2.157000000000000000e+03 4.455288362177930221e-10
2.156000000000000000e+03 3.855701754469033999e-10
2.155000000000000000e+03 3.281457350977377733e-10
2.154000000000000000e+03 2.856483227066295762e-10
2.153000000000000000e+03 2.589948994024169764e-10
2.152000000000000000e+03 2.286622257877798548e-10
2.151000000000000000e+03 2.043141990464194540e-10
2.150000000000000000e+03 1.892803276113103634e-10
2.149000000000000000e+03 1.733915925123227359e-10
2.148000000000000000e+03 1.584230534842478727e-10
2.147000000000000000e+03 1.498575173929750474e-10
2.146000000000000000e+03 1.412524686367494506e-10
2.145000000000000000e+03 1.313786647145724516e-10
2.144000000000000000e+03 1.258650386204007032e-10
2.143000000000000000e+03 1.212778493722385515e-10
2.142000000000000000e+03 1.145785994603517108e-10
2.141000000000000000e+03 1.108854040926431954e-10
2.140000000000000000e+03 1.084600448617228145e-10
2.139000000000000000e+03 1.034746405800940304e-10
2.138000000000000000e+03 1.004338972473483450e-10
2.137000000000000000e+03 9.907111379526259778e-11
2.136000000000000000e+03 9.539389415404989600e-11
2.135000000000000000e+03 9.225432024222566787e-11
2.134000000000000000e+03 9.134540732031321151e-11
2.133000000000000000e+03 8.830385930414295644e-11
2.132000000000000000e+03 8.498627053260633309e-11
2.131000000000000000e+03 8.397385558816538287e-11
2.130000000000000000e+03 8.133566145250104684e-11
2.129000000000000000e+03 7.806169753083784965e-11
2.128000000000000000e+03 7.672686041142238189e-11
2.127000000000000000e+03 7.456315551858232948e-11
2.126000000000000000e+03 7.137954687261744936e-11
2.125000000000000000e+03 6.989532525437773070e-11
2.124000000000000000e+03 6.810318128218068194e-11
2.123000000000000000e+03 6.509833630289135748e-11
2.122000000000000000e+03 6.377420677707497539e-11
2.121000000000000000e+03 6.231083286375288277e-11
2.120000000000000000e+03 5.986836052537533186e-11
2.119000000000000000e+03 5.849215531789130591e-11
2.118000000000000000e+03 5.739817120451505658e-11
2.117000000000000000e+03 5.540626945198418903e-11
2.116000000000000000e+03 5.485564449722131420e-11
2.115000000000000000e+03 5.371811023721827850e-11
2.114000000000000000e+03 5.248700995494613828e-11
2.113000000000000000e+03 5.213422234918834974e-11
2.112000000000000000e+03 5.099566234199268828e-11
2.111000000000000000e+03 5.060379920388903575e-11
2.110000000000000000e+03 5.049414907949853446e-11
2.109000000000000000e+03 4.974920139604724686e-11
2.108000000000000000e+03 4.979856929538090383e-11
2.107000000000000000e+03 5.008012170151340351e-11
2.106000000000000000e+03 4.947537344326663008e-11
2.105000000000000000e+03 5.007497032408709676e-11
2.104000000000000000e+03 5.088443530985061698e-11
2.103000000000000000e+03 5.099472095993561164e-11
2.102000000000000000e+03 5.188164120025853609e-11
2.101000000000000000e+03 5.373640428330234028e-11
2.100000000000000000e+03 5.457826231511529978e-11
2.099000000000000000e+03 5.627566627931090844e-11
2.098000000000000000e+03 5.894030011398898857e-11
2.097000000000000000e+03 6.082046067617382574e-11
2.096000000000000000e+03 6.336280913477087085e-11
2.095000000000000000e+03 6.741840697689541366e-11
2.094000000000000000e+03 7.069483474316099782e-11
2.093000000000000000e+03 7.442420915890244885e-11
2.092000000000000000e+03 7.980766155902325703e-11
2.091000000000000000e+03 8.446631569513339540e-11
2.090000000000000000e+03 8.933709843564285450e-11
2.089000000000000000e+03 9.584067249269085038e-11
2.088000000000000000e+03 1.014698200442754101e-10
2.087000000000000000e+03 1.060661971913643674e-10
2.086000000000000000e+03 1.124547260990899409e-10
2.085000000000000000e+03 1.173225484847726998e-10
2.084000000000000000e+03 1.197669196807537231e-10
2.083000000000000000e+03 1.236832930792040307e-10
2.082000000000000000e+03 1.253176902606009879e-10
2.081000000000000000e+03 1.242840942292609206e-10
2.080000000000000000e+03 1.242978408436967923e-10
2.079000000000000000e+03 1.224984166925452907e-10
2.078000000000000000e+03 1.184524704599247827e-10
2.077000000000000000e+03 1.158911568681539008e-10
2.076000000000000000e+03 1.123871142074219367e-10
2.075000000000000000e+03 1.070771683741891349e-10
2.074000000000000000e+03 1.037531619319903281e-10
2.073000000000000000e+03 1.002085084765663326e-10
2.072000000000000000e+03 9.522249377802570820e-11
2.071000000000000000e+03 9.228081983924151779e-11
2.070000000000000000e+03 8.929040279724923277e-11
2.069000000000000000e+03 8.500556229008189731e-11
2.068000000000000000e+03 8.289634894809281239e-11
2.067000000000000000e+03 8.087293093096419732e-11
2.066000000000000000e+03 7.769406932063529867e-11
2.065000000000000000e+03 7.598120778797978440e-11
2.064000000000000000e+03 7.473011976438210177e-11
2.063000000000000000e+03 7.272700587852252436e-11
2.062000000000000000e+03 7.181486387626943085e-11
2.061000000000000000e+03 7.139244030026154584e-11
2.060000000000000000e+03 6.998070528509123622e-11
2.059000000000000000e+03 6.991383551976306536e-11
2.058000000000000000e+03 7.032098887004103828e-11
2.057000000000000000e+03 6.975512150699999473e-11
2.056000000000000000e+03 7.053060584569595969e-11
2.055000000000000000e+03 7.172962356498002591e-11
2.054000000000000000e+03 7.220836141174475573e-11
2.053000000000000000e+03 7.433714094165092134e-11
2.052000000000000000e+03 7.654022784433001503e-11
2.051000000000000000e+03 7.847223554993446645e-11
2.050000000000000000e+03 8.191675831066144634e-11
2.049000000000000000e+03 8.633572654255830773e-11
2.048000000000000000e+03 9.010495235038356808e-11
2.047000000000000000e+03 9.637711822592020025e-11
2.046000000000000000e+03 1.035770804187733299e-10
2.045000000000000000e+03 1.108764009350906649e-10
2.044000000000000000e+03 1.220317948488532932e-10
2.043000000000000000e+03 1.348505448875543369e-10
2.042000000000000000e+03 1.488608248852271082e-10
2.041000000000000000e+03 1.693437133413445823e-10
2.040000000000000000e+03 1.934046353641543151e-10
2.039000000000000000e+03 2.213994347542096620e-10
2.038000000000000000e+03 2.616965565075321106e-10
2.037000000000000000e+03 3.104565589719472203e-10
2.036000000000000000e+03 3.707998488063799326e-10
2.035000000000000000e+03 4.578704246645845925e-10
2.034000000000000000e+03 5.670914515603787218e-10
2.033000000000000000e+03 7.103022282169273264e-10
2.032000000000000000e+03 9.201113498791158834e-10
2.031000000000000000e+03 1.192095335224040267e-09
2.030000000000000000e+03 1.562856239128476633e-09
2.029000000000000000e+03 2.100131410654654042e-09
2.028000000000000000e+03 2.774034448025172417e-09
2.027000000000000000e+03 3.620899968627770899e-09
2.026000000000000000e+03 4.627508762997044658e-09
2.025000000000000000e+03 5.497021002883607466e-09
2.024000000000000000e+03 6.134958162032762184e-09
2.023000000000000000e+03 6.443580350847219789e-09
2.022000000000000000e+03 6.270536319906691840e-09
2.021000000000000000e+03 5.934497483223097338e-09
2.020000000000000000e+03 5.547800079155865242e-09
2.019000000000000000e+03 5.083440108528652742e-09
2.018000000000000000e+03 4.760153379948956865e-09
2.017000000000000000e+03 4.518157911794971211e-09
2.016000000000000000e+03 4.290096717978114747e-09
2.015000000000000000e+03 4.209436020376159915e-09
2.014000000000000000e+03 4.180661293884336835e-09
2.013000000000000000e+03 4.169429962033603241e-09
2.012000000000000000e+03 4.292593096583291723e-09
2.011000000000000000e+03 4.435745212699248820e-09
2.010000000000000000e+03 4.596227575571772480e-09
2.009000000000000000e+03 4.875381478792177492e-09
2.008000000000000000e+03 5.101887344545857691e-09
2.007000000000000000e+03 5.295643322263293572e-09
2.006000000000000000e+03 5.487169747141413634e-09
2.005000000000000000e+03 5.451561163670305780e-09
2.004000000000000000e+03 5.264306568796259283e-09
2.003000000000000000e+03 4.947735818774926187e-09
2.002000000000000000e+03 4.407948893042688842e-09
2.001000000000000000e+03 3.853580667429327932e-09
2.000000000000000000e+03 3.310436113954471580e-09
1.999000000000000000e+03 2.767103444404888662e-09
1.998000000000000000e+03 2.339951401463285814e-09
1.997000000000000000e+03 1.977803216003166892e-09
1.996000000000000000e+03 1.665016174415190055e-09
1.995000000000000000e+03 1.439979352665217318e-09
1.994000000000000000e+03 1.248386132393662577e-09
1.993000000000000000e+03 1.089971275913467652e-09
1.992000000000000000e+03 9.792984223673434663e-10
1.991000000000000000e+03 8.784461957149162886e-10
1.990000000000000000e+03 7.995723789428186277e-10
1.989000000000000000e+03 7.444169203532259018e-10
1.988000000000000000e+03 6.910996806698610377e-10
1.987000000000000000e+03 6.523836757630218044e-10
1.986000000000000000e+03 6.269600218038617754e-10
1.985000000000000000e+03 5.970202765026920317e-10
1.984000000000000000e+03 5.840133343403692674e-10
1.983000000000000000e+03 5.738957206746746815e-10
1.982000000000000000e+03 5.603126705966903588e-10
1.981000000000000000e+03 5.644119640100584537e-10
1.980000000000000000e+03 5.645523437533701428e-10
1.979000000000000000e+03 5.659180437089575137e-10
1.978000000000000000e+03 5.806136579375177788e-10
1.977000000000000000e+03 5.885308564244452541e-10
1.976000000000000000e+03 6.026705311489235046e-10
1.975000000000000000e+03 6.296920636978493025e-10
1.974000000000000000e+03 6.489119632146815582e-10
1.973000000000000000e+03 6.821410726873335108e-10
1.972000000000000000e+03 7.187742896020768803e-10
1.971000000000000000e+03 7.555605160465949678e-10
1.970000000000000000e+03 8.120522269130015660e-10
1.969000000000000000e+03 8.698747644824803898e-10
1.968000000000000000e+03 9.384915153499449204e-10
1.967000000000000000e+03 1.031106630852322406e-09
1.966000000000000000e+03 1.124207263194907965e-09
1.965000000000000000e+03 1.247242691305630891e-09
1.964000000000000000e+03 1.402256683454683403e-09
1.963000000000000000e+03 1.568369646497943650e-09
1.962000000000000000e+03 1.797939002989149274e-09
1.961000000000000000e+03 2.066972037471660767e-09
1.960000000000000000e+03 2.377564538502700280e-09
1.959000000000000000e+03 2.779481273069111049e-09
1.958000000000000000e+03 3.239251055915930684e-09
1.957000000000000000e+03 3.736792699587551109e-09
1.956000000000000000e+03 4.275669722177058283e-09
1.955000000000000000e+03 4.709478145554625907e-09
1.954000000000000000e+03 5.027835308444729092e-09
1.953000000000000000e+03 5.131145520529862439e-09
1.952000000000000000e+03 4.967414538167604560e-09
1.951000000000000000e+03 4.693998248223213546e-09
1.950000000000000000e+03 4.270485720135535368e-09
1.949000000000000000e+03 3.848695464586138914e-09
1.948000000000000000e+03 3.500087439983801145e-09
1.947000000000000000e+03 3.128509629072908160e-09
1.946000000000000000e+03 2.868363140022569764e-09
1.945000000000000000e+03 2.628879520660000024e-09
1.944000000000000000e+03 2.434205564617183714e-09
1.943000000000000000e+03 2.324121730699503307e-09
1.942000000000000000e+03 2.211757189681856322e-09
1.941000000000000000e+03 2.135745697764911318e-09
1.940000000000000000e+03 2.103250796885129391e-09
1.939000000000000000e+03 2.062733995769953861e-09
1.938000000000000000e+03 2.069000374618803643e-09
1.937000000000000000e+03 2.090090658518269932e-09
1.936000000000000000e+03 2.110335053944606015e-09
1.935000000000000000e+03 2.179685085807477865e-09
1.934000000000000000e+03 2.242652502059645269e-09
1.933000000000000000e+03 2.328839496293214913e-09
1.932000000000000000e+03 2.456930484166562286e-09
1.931000000000000000e+03 2.568620010098054828e-09
1.930000000000000000e+03 2.738943739838163114e-09
1.929000000000000000e+03 2.922348369457582023e-09
1.928000000000000000e+03 3.113137196797472446e-09
1.927000000000000000e+03 3.359460941153551700e-09
1.926000000000000000e+03 3.614481384769021787e-09
1.925000000000000000e+03 3.921190175443816970e-09
1.924000000000000000e+03 4.231836033328871365e-09
1.923000000000000000e+03 4.546644659520856461e-09
1.922000000000000000e+03 4.888501789412854934e-09
1.921000000000000000e+03 5.202846883933138592e-09
1.920000000000000000e+03 5.453411327513575336e-09
1.919000000000000000e+03 5.714797845139210743e-09
1.918000000000000000e+03 5.803487115614536729e-09
1.917000000000000000e+03 5.872964650271070589e-09
1.916000000000000000e+03 5.826044732582536509e-09
1.915000000000000000e+03 5.666809645266615374e-09
1.914000000000000000e+03 5.493627347804739339e-09
1.913000000000000000e+03 5.194145423341706862e-09
1.912000000000000000e+03 4.917952398226984989e-09
1.911000000000000000e+03 4.629672811979373418e-09
1.910000000000000000e+03 4.311730185395361992e-09
1.909000000000000000e+03 4.069207996488935147e-09
1.908000000000000000e+03 3.800500607083679506e-09
1.907000000000000000e+03 3.575905771576286425e-09
1.906000000000000000e+03 3.391402351397254484e-09
1.905000000000000000e+03 3.193352472993360236e-09
1.904000000000000000e+03 3.060941514683415445e-09
1.903000000000000000e+03 2.921159094975496504e-09
1.902000000000000000e+03 2.804855822590971382e-09
1.901000000000000000e+03 2.725611076955827191e-09
1.900000000000000000e+03 2.629378327941302218e-09
1.899000000000000000e+03 2.579664637592758992e-09
1.898000000000000000e+03 2.526902141193538131e-09
1.897000000000000000e+03 2.484497549156667339e-09
1.896000000000000000e+03 2.477460177571457092e-09
1.895000000000000000e+03 2.453805743029774270e-09
1.894000000000000000e+03 2.471968154091318364e-09
1.893000000000000000e+03 2.493810870284127485e-09
1.892000000000000000e+03 2.526907831666793713e-09
1.891000000000000000e+03 2.603386658106732111e-09
1.890000000000000000e+03 2.671611382242013479e-09
1.889000000000000000e+03 2.791191547711975653e-09
1.888000000000000000e+03 2.929892978518372017e-09
1.887000000000000000e+03 3.090090331819301089e-09
1.886000000000000000e+03 3.315499951101627520e-09
1.885000000000000000e+03 3.542466184336784714e-09
1.884000000000000000e+03 3.843228418326398312e-09
1.883000000000000000e+03 4.174232922977813963e-09
1.882000000000000000e+03 4.532201201745542268e-09
1.881000000000000000e+03 4.969371475713762807e-09
1.880000000000000000e+03 5.386805670408004642e-09
1.879000000000000000e+03 5.877133935366991297e-09
1.878000000000000000e+03 6.359512899140242314e-09
1.877000000000000000e+03 6.822394914021941362e-09
1.876000000000000000e+03 7.322844504280149819e-09
1.875000000000000000e+03 7.713589967057206646e-09
1.874000000000000000e+03 8.125997760858253870e-09
1.873000000000000000e+03 8.432294254456893142e-09
1.872000000000000000e+03 8.655832064697791918e-09
1.871000000000000000e+03 8.849638631554568454e-09
1.870000000000000000e+03 8.874165641735115342e-09
1.869000000000000000e+03 8.898641306170030138e-09
1.868000000000000000e+03 8.789111138559013499e-09
1.867000000000000000e+03 8.626318453068079447e-09
1.866000000000000000e+03 8.449693371469044567e-09
1.865000000000000000e+03 8.177754328508753279e-09
1.864000000000000000e+03 7.977976786833428290e-09
1.863000000000000000e+03 7.739809616362794551e-09
1.862000000000000000e+03 7.585516131278434116e-09
1.861000000000000000e+03 7.528128785698974651e-09
1.860000000000000000e+03 7.541567506743932472e-09
1.859000000000000000e+03 7.771477725528543004e-09
1.858000000000000000e+03 8.109621842874870240e-09
1.857000000000000000e+03 8.699294747212261871e-09
1.856000000000000000e+03 9.490802708773610669e-09
1.855000000000000000e+03 1.048020766939401979e-08
1.854000000000000000e+03 1.176973849848892949e-08
1.853000000000000000e+03 1.317780612690689328e-08
1.852000000000000000e+03 1.491164021237658328e-08
1.851000000000000000e+03 1.680190586114427792e-08
1.850000000000000000e+03 1.900699201109040768e-08
1.849000000000000000e+03 2.176709418160635121e-08
1.848000000000000000e+03 2.524134430693485038e-08
1.847000000000000000e+03 3.056306993746444053e-08
1.846000000000000000e+03 3.869680333244303363e-08
1.845000000000000000e+03 5.231198968406726116e-08
1.844000000000000000e+03 7.454252963874567272e-08
1.843000000000000000e+03 1.091514093370328452e-07
1.842000000000000000e+03 1.609154400014381461e-07
1.841000000000000000e+03 2.296506817382829732e-07
1.840000000000000000e+03 3.171020599657611900e-07
1.839000000000000000e+03 4.164594224992540099e-07
1.838000000000000000e+03 5.263138316594892974e-07
1.837000000000000000e+03 6.460375945074531380e-07
1.836000000000000000e+03 7.731660390949591817e-07
1.835000000000000000e+03 9.210083847306232779e-07
1.834000000000000000e+03 1.083079079792838802e-06
1.833000000000000000e+03 1.279631400886251817e-06
1.832000000000000000e+03 1.507792629731656933e-06
1.831000000000000000e+03 1.780538595064354460e-06
1.830000000000000000e+03 2.113434113618909541e-06
1.829000000000000000e+03 2.499236520200113288e-06
1.828000000000000000e+03 2.978967952468100882e-06
1.827000000000000000e+03 3.530180483002465000e-06
1.826000000000000000e+03 4.202355622672312866e-06
1.825000000000000000e+03 4.984583951154965110e-06
1.824000000000000000e+03 5.893215174333519173e-06
1.823000000000000000e+03 6.970326902451479108e-06
1.822000000000000000e+03 8.166884800214782594e-06
1.821000000000000000e+03 9.580937904157843209e-06
1.820000000000000000e+03 1.111215547364283007e-05
1.819000000000000000e+03 1.287116921442730867e-05
1.818000000000000000e+03 1.478125449844778412e-05
1.817000000000000000e+03 1.685931621119768069e-05
1.816000000000000000e+03 1.914884173317927540e-05
1.815000000000000000e+03 2.151453897154120622e-05
1.814000000000000000e+03 2.416066047393688012e-05
1.813000000000000000e+03 2.683950590579744000e-05
1.812000000000000000e+03 2.982731865750671383e-05
1.811000000000000000e+03 3.295072169565334692e-05
1.810000000000000000e+03 3.636682380696305936e-05
1.809000000000000000e+03 4.019112555341325583e-05
1.808000000000000000e+03 4.434980655372385201e-05
1.807000000000000000e+03 4.931596605189199676e-05
1.806000000000000000e+03 5.484970319009576821e-05
1.805000000000000000e+03 6.167485725114689216e-05
1.804000000000000000e+03 6.962741847887828897e-05
1.803000000000000000e+03 7.946901243110468310e-05
1.802000000000000000e+03 9.154643701752693730e-05
1.801000000000000000e+03 1.063867303327725375e-04
1.800000000000000000e+03 1.252204322863712741e-04
1.799000000000000000e+03 1.482880286425162836e-04
1.798000000000000000e+03 1.777130802171080187e-04
1.797000000000000000e+03 2.133345855583805117e-04
1.796000000000000000e+03 2.573094254027588623e-04
1.795000000000000000e+03 3.082494772814054471e-04
1.794000000000000000e+03 3.654480816681036372e-04
1.793000000000000000e+03 4.249273130106167944e-04
1.792000000000000000e+03 4.801207283338074401e-04
1.791000000000000000e+03 5.267343313586442472e-04
1.790000000000000000e+03 5.570812023169716218e-04
1.789000000000000000e+03 5.731032699131726957e-04
1.788000000000000000e+03 5.730254708493331657e-04
1.787000000000000000e+03 5.637249258295663713e-04
1.786000000000000000e+03 5.469054160336359093e-04
1.785000000000000000e+03 5.274944416424727977e-04
1.784000000000000000e+03 5.070500460849793577e-04
1.783000000000000000e+03 4.865761484617784727e-04
1.782000000000000000e+03 4.676643253078770581e-04
1.781000000000000000e+03 4.486429450464833081e-04
1.780000000000000000e+03 4.313933287438763268e-04
1.779000000000000000e+03 4.137785069933599545e-04
1.778000000000000000e+03 3.971358051728938652e-04
1.777000000000000000e+03 3.800042127366821411e-04
1.776000000000000000e+03 3.630697222683844675e-04
1.775000000000000000e+03 3.458452700335700012e-04
1.774000000000000000e+03 3.283664756386573866e-04
1.773000000000000000e+03 3.107711585000480438e-04
1.772000000000000000e+03 2.928579845432663495e-04
1.771000000000000000e+03 2.751346725223148136e-04
1.770000000000000000e+03 2.572475015538259221e-04
1.769000000000000000e+03 2.397514222002596323e-04
1.768000000000000000e+03 2.223523743554358528e-04
1.767000000000000000e+03 2.056388910583901986e-04
1.766000000000000000e+03 1.893121331103837649e-04
1.765000000000000000e+03 1.737856381162027584e-04
1.764000000000000000e+03 1.589814694251685378e-04
1.763000000000000000e+03 1.450665317547143545e-04
1.762000000000000000e+03 1.320588292137357634e-04
1.761000000000000000e+03 1.199518194523262844e-04
1.760000000000000000e+03 1.088303497518255779e-04
1.759000000000000000e+03 9.863448744326335622e-05
1.758000000000000000e+03 8.933087916864043600e-05
1.757000000000000000e+03 8.092527800959248112e-05
1.756000000000000000e+03 7.331242086076941711e-05
1.755000000000000000e+03 6.650295381541019343e-05
1.754000000000000000e+03 6.035739846850800457e-05
1.753000000000000000e+03 5.489331612192175524e-05
1.752000000000000000e+03 4.997392339101387699e-05
1.751000000000000000e+03 4.559021567685112990e-05
1.750000000000000000e+03 4.167726668779942872e-05
1.749000000000000000e+03 3.815551440879849264e-05
1.748000000000000000e+03 3.502057885582256875e-05
1.747000000000000000e+03 3.218833188863479047e-05
1.746000000000000000e+03 2.967490975524525942e-05
1.745000000000000000e+03 2.737365786905000768e-05
1.744000000000000000e+03 2.534180362123858175e-05
1.743000000000000000e+03 2.346987918382609169e-05
1.742000000000000000e+03 2.182633790648630766e-05
1.741000000000000000e+03 2.029709301022898676e-05
1.740000000000000000e+03 1.895164063226560154e-05
1.739000000000000000e+03 1.770711584502879238e-05
1.738000000000000000e+03 1.660836752250118242e-05
1.737000000000000000e+03 1.559084409479500813e-05
1.736000000000000000e+03 1.469488408400468915e-05
1.735000000000000000e+03 1.387311648827831712e-05
1.734000000000000000e+03 1.313967238803355093e-05
1.733000000000000000e+03 1.247322490457368608e-05
1.732000000000000000e+03 1.186962041623984774e-05
1.731000000000000000e+03 1.133265432954547118e-05
1.730000000000000000e+03 1.083919202847307617e-05
1.729000000000000000e+03 1.040588916335378485e-05
1.728000000000000000e+03 9.997709697246616112e-06
1.727000000000000000e+03 9.650825585716853248e-06
1.726000000000000000e+03 9.313083035357705623e-06
1.725000000000000000e+03 9.037544213042491041e-06
1.724000000000000000e+03 8.758896207343330842e-06
1.723000000000000000e+03 8.542384996970954652e-06
1.722000000000000000e+03 8.317501401404099818e-06
1.721000000000000000e+03 8.154646565089718644e-06
1.720000000000000000e+03 7.979502240491524831e-06
1.719000000000000000e+03 7.865115311144327259e-06
1.718000000000000000e+03 7.737893043375849192e-06
1.717000000000000000e+03 7.668877360540249046e-06
1.716000000000000000e+03 7.590098957813318388e-06
1.715000000000000000e+03 7.568977009826821689e-06
1.714000000000000000e+03 7.540212376261962126e-06
1.713000000000000000e+03 7.564417814431855069e-06
1.712000000000000000e+03 7.585678950732728542e-06
1.711000000000000000e+03 7.659064079892116171e-06
1.710000000000000000e+03 7.733866140746790166e-06
1.709000000000000000e+03 7.858549825162539716e-06
1.708000000000000000e+03 7.990587680011770774e-06
1.707000000000000000e+03 8.171985470202869348e-06
1.706000000000000000e+03 8.366963558684150043e-06
1.705000000000000000e+03 8.614662361808642896e-06
1.704000000000000000e+03 8.883429796052093823e-06
1.703000000000000000e+03 9.208584932404364416e-06
1.702000000000000000e+03 9.568458867411445333e-06
1.701000000000000000e+03 9.992178694441839303e-06
1.700000000000000000e+03 1.046770183362996629e-05
1.699000000000000000e+03 1.101977184254864618e-05
1.698000000000000000e+03 1.164746071991876922e-05
1.697000000000000000e+03 1.237206110144755349e-05
1.696000000000000000e+03 1.320803584103372154e-05
1.695000000000000000e+03 1.417178707358368321e-05
1.694000000000000000e+03 1.529540439765644279e-05
1.693000000000000000e+03 1.659673156021339299e-05
1.692000000000000000e+03 1.812744688170766849e-05
1.691000000000000000e+03 1.991072903162928933e-05
1.690000000000000000e+03 2.203098436871164882e-05
1.689000000000000000e+03 2.453368100036703965e-05
1.688000000000000000e+03 2.752530100273714117e-05
1.687000000000000000e+03 3.110830621557555481e-05
1.686000000000000000e+03 3.543950007800802623e-05
1.685000000000000000e+03 4.070412039002740333e-05
1.684000000000000000e+03 4.713562597355570009e-05
1.683000000000000000e+03 5.508332995530906145e-05
1.682000000000000000e+03 6.486240868747764857e-05
1.681000000000000000e+03 7.709183570633545719e-05
1.680000000000000000e+03 9.214328533010984236e-05
1.679000000000000000e+03 1.108856768245778215e-04
1.678000000000000000e+03 1.333545988355827627e-04
1.677000000000000000e+03 1.601630600714218269e-04
1.676000000000000000e+03 1.893545138398551359e-04
1.675000000000000000e+03 2.195928434480110946e-04
1.674000000000000000e+03 2.446756685301234289e-04
1.673000000000000000e+03 2.620941936641397259e-04
1.672000000000000000e+03 2.657161475019896146e-04
1.671000000000000000e+03 2.591461305714534182e-04
1.670000000000000000e+03 2.423245072205112852e-04
1.669000000000000000e+03 2.232708321632485154e-04
1.668000000000000000e+03 2.018925124338287252e-04
1.667000000000000000e+03 1.843289197054851782e-04
1.666000000000000000e+03 1.680937473756860426e-04
1.665000000000000000e+03 1.568859497425814003e-04
1.664000000000000000e+03 1.461352483205445563e-04
1.663000000000000000e+03 1.370826191652345046e-04
1.662000000000000000e+03 1.263089209580158738e-04
1.661000000000000000e+03 1.178162143588766216e-04
1.660000000000000000e+03 1.096480078118794980e-04
1.659000000000000000e+03 1.043665485042073146e-04
1.658000000000000000e+03 9.951700196221067020e-05
1.657000000000000000e+03 9.688677704625274826e-05
1.656000000000000000e+03 9.452668428891511886e-05
1.655000000000000000e+03 9.389432578606342924e-05
1.654000000000000000e+03 9.360078845775497572e-05
1.653000000000000000e+03 9.464818676453855988e-05
1.652000000000000000e+03 9.632718220230103163e-05
1.651000000000000000e+03 9.903402098938298911e-05
1.650000000000000000e+03 1.028054799623405989e-04
1.649000000000000000e+03 1.073194965926194903e-04
1.648000000000000000e+03 1.135621880200500853e-04
1.647000000000000000e+03 1.202400169139365742e-04
1.646000000000000000e+03 1.293796991700530124e-04
1.645000000000000000e+03 1.386520641373110085e-04
1.644000000000000000e+03 1.511743844722214882e-04
1.643000000000000000e+03 1.632407715148400946e-04
1.642000000000000000e+03 1.789382851793768988e-04
1.641000000000000000e+03 1.930283724873054949e-04
1.640000000000000000e+03 2.096985592058611659e-04
1.639000000000000000e+03 2.225736536619710116e-04
1.638000000000000000e+03 2.345711516511071867e-04
1.637000000000000000e+03 2.399869402390125998e-04
1.636000000000000000e+03 2.406045128043286254e-04
1.635000000000000000e+03 2.346047058629924513e-04
1.634000000000000000e+03 2.229325965183388337e-04
1.633000000000000000e+03 2.084548700637019463e-04
1.632000000000000000e+03 1.902811857961979694e-04
1.631000000000000000e+03 1.736415169366424310e-04
1.630000000000000000e+03 1.552830039299086552e-04
1.629000000000000000e+03 1.406347444522502207e-04
1.628000000000000000e+03 1.253595813207621340e-04
1.627000000000000000e+03 1.138624314960673400e-04
1.626000000000000000e+03 1.023554901571281477e-04
1.625000000000000000e+03 9.365500150164206934e-05
1.624000000000000000e+03 8.549597248552900193e-05
1.623000000000000000e+03 7.888246005135189382e-05
1.622000000000000000e+03 7.335289855549583643e-05
1.621000000000000000e+03 6.830057976226843288e-05
1.620000000000000000e+03 6.471029693543432532e-05
1.619000000000000000e+03 6.086900295799711779e-05
1.618000000000000000e+03 5.865721398570492620e-05
1.617000000000000000e+03 5.589894949353696902e-05
1.616000000000000000e+03 5.459974983331488183e-05
1.615000000000000000e+03 5.287804595894904635e-05
1.614000000000000000e+03 5.217530168474391239e-05
1.613000000000000000e+03 5.149568622215508918e-05
1.612000000000000000e+03 5.119397293267651786e-05
1.611000000000000000e+03 5.152690085272892831e-05
1.610000000000000000e+03 5.161325368168919614e-05
1.609000000000000000e+03 5.288004581720846147e-05
1.608000000000000000e+03 5.348808681276427993e-05
1.607000000000000000e+03 5.551626366635945876e-05
1.606000000000000000e+03 5.693728131448646298e-05
1.605000000000000000e+03 5.954526312346165151e-05
1.604000000000000000e+03 6.210863525189018962e-05
1.603000000000000000e+03 6.517231369919241463e-05
1.602000000000000000e+03 6.914490904854664365e-05
1.601000000000000000e+03 7.273114056619582786e-05
1.600000000000000000e+03 7.818877051694124360e-05
1.599000000000000000e+03 8.259514143569956894e-05
1.598000000000000000e+03 8.921933807078477347e-05
1.597000000000000000e+03 9.495410805029504239e-05
1.596000000000000000e+03 1.021188575006613933e-04
1.595000000000000000e+03 1.094558346877055785e-04
1.594000000000000000e+03 1.163090360249298795e-04
1.593000000000000000e+03 1.247754247741789222e-04
1.592000000000000000e+03 1.305496042522432255e-04
1.591000000000000000e+03 1.385904431591228553e-04
1.590000000000000000e+03 1.429873711486705722e-04
1.589000000000000000e+03 1.484320726234536285e-04
1.588000000000000000e+03 1.515961370901922154e-04
1.587000000000000000e+03 1.530572663852161131e-04
1.586000000000000000e+03 1.549677954949512380e-04
1.585000000000000000e+03 1.528963658276792062e-04
1.584000000000000000e+03 1.532276077002082449e-04
1.583000000000000000e+03 1.495980874284841028e-04
1.582000000000000000e+03 1.478365493951169774e-04
1.581000000000000000e+03 1.447583931194837013e-04
1.580000000000000000e+03 1.410706555060666119e-04
1.579000000000000000e+03 1.394118000618576225e-04
1.578000000000000000e+03 1.350605110910775791e-04
1.577000000000000000e+03 1.342004865872963709e-04
1.576000000000000000e+03 1.310645511959835946e-04
1.575000000000000000e+03 1.299454055228625401e-04
1.574000000000000000e+03 1.291872626810741122e-04
1.573000000000000000e+03 1.275563073152197636e-04
1.572000000000000000e+03 1.290053410898998030e-04
1.571000000000000000e+03 1.277977768305998431e-04
1.570000000000000000e+03 1.299960489089080991e-04
1.569000000000000000e+03 1.307645207303008764e-04
1.568000000000000000e+03 1.322245870480736859e-04
1.567000000000000000e+03 1.354951870828667115e-04
1.566000000000000000e+03 1.362335452567073064e-04
1.565000000000000000e+03 1.407278667137320572e-04
1.564000000000000000e+03 1.421753223204657007e-04
1.563000000000000000e+03 1.454969181807362806e-04
1.562000000000000000e+03 1.489005523509227998e-04
1.561000000000000000e+03 1.499184288213271585e-04
1.560000000000000000e+03 1.543120164392693344e-04
1.559000000000000000e+03 1.541974595129957026e-04
1.558000000000000000e+03 1.566538662775922004e-04
1.557000000000000000e+03 1.574176177983495882e-04
1.556000000000000000e+03 1.560771060286975033e-04
1.555000000000000000e+03 1.576068573118368865e-04
1.554000000000000000e+03 1.540273785346460596e-04
1.553000000000000000e+03 1.536887567347917688e-04
1.552000000000000000e+03 1.511145996645508614e-04
1.551000000000000000e+03 1.473707359378110377e-04
1.550000000000000000e+03 1.465792639082088243e-04
1.549000000000000000e+03 1.414747843650654056e-04
1.548000000000000000e+03 1.402228673169965834e-04
1.547000000000000000e+03 1.373265307893156370e-04
1.546000000000000000e+03 1.339735397100839834e-04
1.545000000000000000e+03 1.339981773532279154e-04
1.544000000000000000e+03 1.304525985597741506e-04
1.543000000000000000e+03 1.308455382136822925e-04
1.542000000000000000e+03 1.304042581593015061e-04
1.541000000000000000e+03 1.293496771279260338e-04
1.540000000000000000e+03 1.322365663515578135e-04
1.539000000000000000e+03 1.317786430575979592e-04
1.538000000000000000e+03 1.349240723446067027e-04
1.537000000000000000e+03 1.382087613166280279e-04
1.536000000000000000e+03 1.397582782523554550e-04
1.535000000000000000e+03 1.460681520339850224e-04
1.534000000000000000e+03 1.486199590349774984e-04
1.533000000000000000e+03 1.536714711151295192e-04
1.532000000000000000e+03 1.602669357763839258e-04
1.531000000000000000e+03 1.630913625199846269e-04
1.530000000000000000e+03 1.714989996014501604e-04
1.529000000000000000e+03 1.766581744891069486e-04
1.528000000000000000e+03 1.821241453122512792e-04
1.527000000000000000e+03 1.916720577618180241e-04
1.526000000000000000e+03 1.950534209619032388e-04
1.525000000000000000e+03 2.031239947085280973e-04
1.524000000000000000e+03 2.091184676056249015e-04
1.523000000000000000e+03 2.103047028139841726e-04
1.522000000000000000e+03 2.166707262962172574e-04
1.521000000000000000e+03 2.149010917873347666e-04
1.520000000000000000e+03 2.134087787657102850e-04
1.519000000000000000e+03 2.132037985834316399e-04
1.518000000000000000e+03 2.045717832543994801e-04
1.517000000000000000e+03 2.009037523583661700e-04
1.516000000000000000e+03 1.940986538076777267e-04
1.515000000000000000e+03 1.837144744016032838e-04
1.514000000000000000e+03 1.793632125909092696e-04
1.513000000000000000e+03 1.696610007518150470e-04
1.512000000000000000e+03 1.618134984322052220e-04
1.511000000000000000e+03 1.576862259418848112e-04
1.510000000000000000e+03 1.485453516674950188e-04
1.509000000000000000e+03 1.444845944152929552e-04
1.508000000000000000e+03 1.407609127870244870e-04
1.507000000000000000e+03 1.340275309404476091e-04
1.506000000000000000e+03 1.331672425075582859e-04
1.505000000000000000e+03 1.298840426593096296e-04
1.504000000000000000e+03 1.261220451443355588e-04
1.503000000000000000e+03 1.274976815784374499e-04
1.502000000000000000e+03 1.246798406946404117e-04
1.501000000000000000e+03 1.239238089524340777e-04
1.500000000000000000e+03 1.265300495962710426e-04
1.499000000000000000e+03 1.244121754599867235e-04
1.498000000000000000e+03 1.263161087186853010e-04
1.497000000000000000e+03 1.292859221110470309e-04
1.496000000000000000e+03 1.277541589341800769e-04
1.495000000000000000e+03 1.314117828850826144e-04
1.494000000000000000e+03 1.335029303015236655e-04
1.493000000000000000e+03 1.318367160709227207e-04
1.492000000000000000e+03 1.354835339040082068e-04
1.491000000000000000e+03 1.351382921240670484e-04
1.490000000000000000e+03 1.323366948746445475e-04
1.489000000000000000e+03 1.341676524309713410e-04
1.488000000000000000e+03 1.307637309543673411e-04
1.487000000000000000e+03 1.265949004782105801e-04
1.486000000000000000e+03 1.263782901871617504e-04
1.485000000000000000e+03 1.210348970730285793e-04
1.484000000000000000e+03 1.166360227223888841e-04
1.483000000000000000e+03 1.156083075374192588e-04
1.482000000000000000e+03 1.103080482421514997e-04
1.481000000000000000e+03 1.070785603394880056e-04
1.480000000000000000e+03 1.068043647317918227e-04
1.479000000000000000e+03 1.030964338533316415e-04
1.478000000000000000e+03 1.020329613808594577e-04
1.477000000000000000e+03 1.037802918010018584e-04
1.476000000000000000e+03 1.027058957999176425e-04
1.475000000000000000e+03 1.046409398940865250e-04
1.474000000000000000e+03 1.095256669344566689e-04
1.473000000000000000e+03 1.121279840409738473e-04
1.472000000000000000e+03 1.182334147756005076e-04
1.471000000000000000e+03 1.282850327916322389e-04
1.470000000000000000e+03 1.373526400455241580e-04
1.469000000000000000e+03 1.517773162286285631e-04
1.468000000000000000e+03 1.731958759632547425e-04
1.467000000000000000e+03 1.969825040460138901e-04
1.466000000000000000e+03 2.303038227227821068e-04
1.465000000000000000e+03 2.770421468360462734e-04
1.464000000000000000e+03 3.328891509861991874e-04
1.463000000000000000e+03 4.065618324425428480e-04
1.462000000000000000e+03 5.051943067960813121e-04
1.461000000000000000e+03 6.242998394174272036e-04
1.460000000000000000e+03 7.711793991732879402e-04
1.459000000000000000e+03 9.535832307113541358e-04
1.458000000000000000e+03 1.158045444716130582e-03
1.457000000000000000e+03 1.379384810704777824e-03
1.456000000000000000e+03 1.612524129409205085e-03
1.455000000000000000e+03 1.829743030641563717e-03
1.454000000000000000e+03 2.013160480536432644e-03
1.453000000000000000e+03 2.160329322476779983e-03
1.452000000000000000e+03 2.259459459279074961e-03
1.451000000000000000e+03 2.310131763407738056e-03
1.450000000000000000e+03 2.326997506077092045e-03
1.449000000000000000e+03 2.318218991790898034e-03
1.448000000000000000e+03 2.287927670058346845e-03
1.447000000000000000e+03 2.249280480691745292e-03
1.446000000000000000e+03 2.208987555984460657e-03
1.445000000000000000e+03 2.168405214317901085e-03
1.444000000000000000e+03 2.132672796115934414e-03
1.443000000000000000e+03 2.106075861290809727e-03
1.442000000000000000e+03 2.087770942985879563e-03
1.441000000000000000e+03 2.079020702001852482e-03
1.440000000000000000e+03 2.082377567163019947e-03
1.439000000000000000e+03 2.096515643448480879e-03
1.438000000000000000e+03 2.118202258235939162e-03
1.437000000000000000e+03 2.148878191649634430e-03
1.436000000000000000e+03 2.187748226650614285e-03
1.435000000000000000e+03 2.233997135452562514e-03
1.434000000000000000e+03 2.294021480156710653e-03
1.433000000000000000e+03 2.373858418302339339e-03
1.432000000000000000e+03 2.476758617900732661e-03
1.431000000000000000e+03 2.605174285429929723e-03
1.430000000000000000e+03 2.766815064018583129e-03
1.429000000000000000e+03 2.966060135901036048e-03
1.428000000000000000e+03 3.204141455067770553e-03
1.427000000000000000e+03 3.489266526688060768e-03
1.426000000000000000e+03 3.828075390525474599e-03
1.425000000000000000e+03 4.220864828373813507e-03
1.424000000000000000e+03 4.666388206695948164e-03
1.423000000000000000e+03 5.162118929482119138e-03
1.422000000000000000e+03 5.687293688536203262e-03
1.421000000000000000e+03 6.205001736719675635e-03
1.420000000000000000e+03 6.672888089112963619e-03
1.419000000000000000e+03 7.033126933126547173e-03
1.418000000000000000e+03 7.226862146325349102e-03
1.417000000000000000e+03 7.222194422349119576e-03
1.416000000000000000e+03 7.031655187849207914e-03
1.415000000000000000e+03 6.689630599874462832e-03
1.414000000000000000e+03 6.245489609935259319e-03
1.413000000000000000e+03 5.761860191236003320e-03
1.412000000000000000e+03 5.283637078635965677e-03
1.411000000000000000e+03 4.836030412899089762e-03
1.410000000000000000e+03 4.433035144487391770e-03
1.409000000000000000e+03 4.085884423532088437e-03
1.408000000000000000e+03 3.793322131211117072e-03
1.407000000000000000e+03 3.548850126264899672e-03
1.406000000000000000e+03 3.348502610305291709e-03
1.405000000000000000e+03 3.192313049867437011e-03
1.404000000000000000e+03 3.075444512209258175e-03
1.403000000000000000e+03 2.990589175661422568e-03
1.402000000000000000e+03 2.937807291628998039e-03
1.401000000000000000e+03 2.917912085229515222e-03
1.400000000000000000e+03 2.928319059137800967e-03
1.399000000000000000e+03 2.967907878211991507e-03
1.398000000000000000e+03 3.040777599078361721e-03
1.397000000000000000e+03 3.150437385997361100e-03
1.396000000000000000e+03 3.299033680194862501e-03
1.395000000000000000e+03 3.488802250797253240e-03
1.394000000000000000e+03 3.729346705855278443e-03
1.393000000000000000e+03 4.027797496016828800e-03
1.392000000000000000e+03 4.387410402662193093e-03
1.391000000000000000e+03 4.813024398086032836e-03
1.390000000000000000e+03 5.310270973087715188e-03
1.389000000000000000e+03 5.883826142341007891e-03
1.388000000000000000e+03 6.518879601110734098e-03
1.387000000000000000e+03 7.197470455329205846e-03
1.386000000000000000e+03 7.884871991145495432e-03
1.385000000000000000e+03 8.537578500249639116e-03
1.384000000000000000e+03 9.088687518205861710e-03
1.383000000000000000e+03 9.479370197234583684e-03
1.382000000000000000e+03 9.670545035647452881e-03
1.381000000000000000e+03 9.654289736412139528e-03
1.380000000000000000e+03 9.451939704926456964e-03
1.379000000000000000e+03 9.102434355552357914e-03
1.378000000000000000e+03 8.663067522059912651e-03
1.377000000000000000e+03 8.184640796291697482e-03
1.376000000000000000e+03 7.703458566297747244e-03
1.375000000000000000e+03 7.246065580627391103e-03
1.374000000000000000e+03 6.827450692726034186e-03
1.373000000000000000e+03 6.456429217086025879e-03
1.372000000000000000e+03 6.135671640566957644e-03
1.371000000000000000e+03 5.863043767914007630e-03
1.370000000000000000e+03 5.639284192183316620e-03
1.369000000000000000e+03 5.458865120363151115e-03
1.368000000000000000e+03 5.321662029283331409e-03
1.367000000000000000e+03 5.225627729242778192e-03
1.366000000000000000e+03 5.166780767156342949e-03
1.365000000000000000e+03 5.144202997013028189e-03
1.364000000000000000e+03 5.157368513117005331e-03
1.363000000000000000e+03 5.203391496985725062e-03
1.362000000000000000e+03 5.281063481394085955e-03
1.361000000000000000e+03 5.389290392552659355e-03
1.360000000000000000e+03 5.525700769924508406e-03
1.359000000000000000e+03 5.689261799776839518e-03
1.358000000000000000e+03 5.876904944507580289e-03
1.357000000000000000e+03 6.087852251131983632e-03
1.356000000000000000e+03 6.316963464886105398e-03
1.355000000000000000e+03 6.562682223260909130e-03
1.354000000000000000e+03 6.821807700842287027e-03
1.353000000000000000e+03 7.092494297431695995e-03
1.352000000000000000e+03 7.371788568896661328e-03
1.351000000000000000e+03 7.655326188746311607e-03
1.350000000000000000e+03 7.946948854577463167e-03
1.349000000000000000e+03 8.242776577394030427e-03
1.348000000000000000e+03 8.548083954171139393e-03
1.347000000000000000e+03 8.862124412371002666e-03
1.346000000000000000e+03 9.191492676530632622e-03
1.345000000000000000e+03 9.542735535714767792e-03
1.344000000000000000e+03 9.918849175952235836e-03
1.343000000000000000e+03 1.032788221465185882e-02
1.342000000000000000e+03 1.078032550621225646e-02
1.341000000000000000e+03 1.127881232360879692e-02
1.340000000000000000e+03 1.183426997462711829e-02
1.339000000000000000e+03 1.244718101699732876e-02
1.338000000000000000e+03 1.311372416459573829e-02
1.337000000000000000e+03 1.382806276430872255e-02
1.336000000000000000e+03 1.456715446354496513e-02
1.335000000000000000e+03 1.528863663373843627e-02
1.334000000000000000e+03 1.594404068372092670e-02
1.333000000000000000e+03 1.646069967308161353e-02
1.332000000000000000e+03 1.676539176531085390e-02
1.331000000000000000e+03 1.679398930046017285e-02
1.330000000000000000e+03 1.651335166875593508e-02
1.329000000000000000e+03 1.595136555740140488e-02
1.328000000000000000e+03 1.515149224705631369e-02
1.327000000000000000e+03 1.419245410645068872e-02
1.326000000000000000e+03 1.315581220656317912e-02
1.325000000000000000e+03 1.211874042074988223e-02
1.324000000000000000e+03 1.113543135232696220e-02
1.323000000000000000e+03 1.024239029404477863e-02
1.322000000000000000e+03 9.456423313331885003e-03
1.321000000000000000e+03 8.784749660960829154e-03
1.320000000000000000e+03 8.225197762654677322e-03
1.319000000000000000e+03 7.773384916389438661e-03
1.318000000000000000e+03 7.420731163812902334e-03
1.317000000000000000e+03 7.164920006227266935e-03
1.316000000000000000e+03 7.000567301438186119e-03
1.315000000000000000e+03 6.924954234282972021e-03
1.314000000000000000e+03 6.940652590036373339e-03
1.313000000000000000e+03 7.051801273196204277e-03
1.312000000000000000e+03 7.273561855978981708e-03
1.311000000000000000e+03 7.626366924285372939e-03
1.310000000000000000e+03 8.145044026200328954e-03
1.309000000000000000e+03 8.861552829672086212e-03
1.308000000000000000e+03 9.789604025704671392e-03
1.307000000000000000e+03 1.087229837232919598e-02
1.306000000000000000e+03 1.199733798314574912e-02
1.305000000000000000e+03 1.311287097247592313e-02
1.304000000000000000e+03 1.423846930379594339e-02
1.303000000000000000e+03 1.540974409719602679e-02
1.302000000000000000e+03 1.658299605166025162e-02
1.301000000000000000e+03 1.765917031083873157e-02
1.300000000000000000e+03 1.850880004927282774e-02
1.299000000000000000e+03 1.904279699488711439e-02
1.298000000000000000e+03 1.926830662326107016e-02
1.297000000000000000e+03 1.925684816499011187e-02
1.296000000000000000e+03 1.902805616617831916e-02
1.295000000000000000e+03 1.837901694135582117e-02
1.294000000000000000e+03 1.707538421581599603e-02
1.293000000000000000e+03 1.526553907517783602e-02
1.292000000000000000e+03 1.339049522121787267e-02
1.291000000000000000e+03 1.176670578734058913e-02
1.290000000000000000e+03 1.047932778940642747e-02
1.289000000000000000e+03 9.491251551237799358e-03
1.288000000000000000e+03 8.749979488853075818e-03
1.287000000000000000e+03 8.199454674058193060e-03
1.286000000000000000e+03 7.801030000392956965e-03
1.285000000000000000e+03 7.521808371363343342e-03
1.284000000000000000e+03 7.338636129034302284e-03
1.283000000000000000e+03 7.232237061465729075e-03
1.282000000000000000e+03 7.192338236928554410e-03
1.281000000000000000e+03 7.212824707446064028e-03
1.280000000000000000e+03 7.296930437234725071e-03
1.279000000000000000e+03 7.448741728615987032e-03
1.278000000000000000e+03 7.673791128456989089e-03
1.277000000000000000e+03 7.976441775899394127e-03
1.276000000000000000e+03 8.351883147261674259e-03
1.275000000000000000e+03 8.791723598285387797e-03
1.274000000000000000e+03 9.272542941449440912e-03
1.273000000000000000e+03 9.763913991021432384e-03
1.272000000000000000e+03 1.023227327053811107e-02
1.271000000000000000e+03 1.063411401625491068e-02
1.270000000000000000e+03 1.093334076711002627e-02
1.269000000000000000e+03 1.110525751773379019e-02
1.268000000000000000e+03 1.114361702493567134e-02
1.267000000000000000e+03 1.105763075142635055e-02
1.266000000000000000e+03 1.087324499837498924e-02
1.265000000000000000e+03 1.062689096075831487e-02
1.264000000000000000e+03 1.035055150541484489e-02
1.263000000000000000e+03 1.007070516457161773e-02
1.262000000000000000e+03 9.812749587673443713e-03
1.261000000000000000e+03 9.593067823956767659e-03
1.260000000000000000e+03 9.418566398720412333e-03
1.259000000000000000e+03 9.296206478620063288e-03
1.258000000000000000e+03 9.225769665291632532e-03
1.257000000000000000e+03 9.210829413089385853e-03
1.256000000000000000e+03 9.251224964513998783e-03
1.255000000000000000e+03 9.343172867190325040e-03
1.254000000000000000e+03 9.485945365626443151e-03
1.253000000000000000e+03 9.677484373388440045e-03
1.252000000000000000e+03 9.914632229368022451e-03
1.251000000000000000e+03 1.018797203217339069e-02
1.250000000000000000e+03 1.049572434558442534e-02
1.249000000000000000e+03 1.082050857087278259e-02
1.248000000000000000e+03 1.115488627874478347e-02
1.247000000000000000e+03 1.148091560848988474e-02
1.246000000000000000e+03 1.178193749318907392e-02
1.245000000000000000e+03 1.204459173922224798e-02
1.244000000000000000e+03 1.225442720382855129e-02
1.243000000000000000e+03 1.240433635033959259e-02
1.242000000000000000e+03 1.248750250710973370e-02
1.241000000000000000e+03 1.249932862065152896e-02
1.240000000000000000e+03 1.244368422331135378e-02
1.239000000000000000e+03 1.232040960210935808e-02
1.238000000000000000e+03 1.213654450823987811e-02
1.237000000000000000e+03 1.188962214737803932e-02
1.236000000000000000e+03 1.158747237841253885e-02
1.235000000000000000e+03 1.123236116722114812e-02
1.234000000000000000e+03 1.083649510473169882e-02
1.233000000000000000e+03 1.040469934525501197e-02
1.232000000000000000e+03 9.951527895021194253e-03
1.231000000000000000e+03 9.489947731263714825e-03
1.230000000000000000e+03 9.039895692926767229e-03
1.229000000000000000e+03 8.611264836827420277e-03
1.228000000000000000e+03 8.225710791696400070e-03
1.227000000000000000e+03 7.892762200400511505e-03
1.226000000000000000e+03 7.627157955282396450e-03
1.225000000000000000e+03 7.440489224433768228e-03
1.224000000000000000e+03 7.348783339644810765e-03
1.223000000000000000e+03 7.368819672378529133e-03
1.222000000000000000e+03 7.520780563489311114e-03
1.221000000000000000e+03 7.816554918020114651e-03
1.220000000000000000e+03 8.226122738729448047e-03
1.219000000000000000e+03 8.643826311205275378e-03
1.218000000000000000e+03 8.959188774059427540e-03
1.217000000000000000e+03 9.199927994012254556e-03
1.216000000000000000e+03 9.498149064003072808e-03
1.215000000000000000e+03 9.959809107764202099e-03
1.214000000000000000e+03 1.062466447762117419e-02
1.213000000000000000e+03 1.148013211722969697e-02
1.212000000000000000e+03 1.246467614099315731e-02
1.211000000000000000e+03 1.344000835680971007e-02
1.210000000000000000e+03 1.418078540395647548e-02
1.209000000000000000e+03 1.440973830899615858e-02
1.208000000000000000e+03 1.394740740278300854e-02
1.207000000000000000e+03 1.282216315890964339e-02
1.206000000000000000e+03 1.128628875971459181e-02
1.205000000000000000e+03 9.639324468150278422e-03
1.204000000000000000e+03 8.107205154890639517e-03
1.203000000000000000e+03 6.792481000733097997e-03
1.202000000000000000e+03 5.720107299100095702e-03
1.201000000000000000e+03 4.865671708698368451e-03
1.200000000000000000e+03 4.195008784760570833e-03
1.199000000000000000e+03 3.670222527174524848e-03
1.198000000000000000e+03 3.259985198932332379e-03
1.197000000000000000e+03 2.938751404587609806e-03
1.196000000000000000e+03 2.687351674080366327e-03
1.195000000000000000e+03 2.492158268279779862e-03
1.194000000000000000e+03 2.342292542606435202e-03
1.193000000000000000e+03 2.230275229932691689e-03
1.192000000000000000e+03 2.151948869385425511e-03
1.191000000000000000e+03 2.103526006477866948e-03
1.190000000000000000e+03 2.083417350646995549e-03
1.189000000000000000e+03 2.090888685238278394e-03
1.188000000000000000e+03 2.126257295791754258e-03
1.187000000000000000e+03 2.189629123142919701e-03
1.186000000000000000e+03 2.282756557235073990e-03
1.185000000000000000e+03 2.408971768465703166e-03
1.184000000000000000e+03 2.571222750206406289e-03
1.183000000000000000e+03 2.774865784211852631e-03
1.182000000000000000e+03 3.026729158088296498e-03
1.181000000000000000e+03 3.336759831794153426e-03
1.180000000000000000e+03 3.717601921141860336e-03
1.179000000000000000e+03 4.187500591865770186e-03
1.178000000000000000e+03 4.764729938238231564e-03
1.177000000000000000e+03 5.472844585806739201e-03
1.176000000000000000e+03 6.341147870000909091e-03
1.175000000000000000e+03 7.396225723807762185e-03
1.174000000000000000e+03 8.667796813462261274e-03
1.173000000000000000e+03 1.018008862386867580e-02
1.172000000000000000e+03 1.194251743955197613e-02
1.171000000000000000e+03 1.395858996958507757e-02
1.170000000000000000e+03 1.620464864257274706e-02
1.169000000000000000e+03 1.860958561260519367e-02
1.168000000000000000e+03 2.116924614213020264e-02
1.167000000000000000e+03 2.385687163537372063e-02
1.166000000000000000e+03 2.665681415367315496e-02
1.165000000000000000e+03 2.959094390060323584e-02
1.164000000000000000e+03 3.271457949077542088e-02
1.163000000000000000e+03 3.610603049054308955e-02
1.162000000000000000e+03 3.988464907432463791e-02
1.161000000000000000e+03 4.422123118785024204e-02
1.160000000000000000e+03 4.926888236713670294e-02
1.159000000000000000e+03 5.523293941185770939e-02
1.158000000000000000e+03 6.240649631759102173e-02
1.157000000000000000e+03 7.107687119035217826e-02
1.156000000000000000e+03 8.160339861063090061e-02
1.155000000000000000e+03 9.427412222352955784e-02
1.154000000000000000e+03 1.093852854280463888e-01
1.153000000000000000e+03 1.269405492195124496e-01
1.152000000000000000e+03 1.466359917723743245e-01
1.151000000000000000e+03 1.675568148895749676e-01
1.150000000000000000e+03 1.883251711081229962e-01
1.149000000000000000e+03 2.070953163964635579e-01
1.148000000000000000e+03 2.223278833355267770e-01
1.147000000000000000e+03 2.328148915163305022e-01
1.146000000000000000e+03 2.379947129494310865e-01
1.145000000000000000e+03 2.363178678701854107e-01
1.144000000000000000e+03 2.237926747180998266e-01
1.143000000000000000e+03 1.937427012857432240e-01
1.142000000000000000e+03 1.439269749987700242e-01
1.141000000000000000e+03 8.784070738235479070e-02
1.140000000000000000e+03 4.669866120806539372e-02
1.139000000000000000e+03 2.735491234131703919e-02
1.138000000000000000e+03 2.211956466732057161e-02
1.137000000000000000e+03 2.188675363837899734e-02
1.136000000000000000e+03 2.179044659232601266e-02
1.135000000000000000e+03 2.039659072987335536e-02
1.134000000000000000e+03 1.800601023270301942e-02
1.133000000000000000e+03 1.552415093373135137e-02
1.132000000000000000e+03 1.384541922348580395e-02
1.131000000000000000e+03 1.348103462427954237e-02
1.130000000000000000e+03 1.445251566066483445e-02
1.129000000000000000e+03 1.635644331802199244e-02
1.128000000000000000e+03 1.856589414280054862e-02
1.127000000000000000e+03 2.045426195872649539e-02
1.126000000000000000e+03 2.157526442692749361e-02
1.125000000000000000e+03 2.174233791991945358e-02
1.124000000000000000e+03 2.103662123214266808e-02
1.123000000000000000e+03 1.973842469623636464e-02
1.122000000000000000e+03 1.825921430621458424e-02
1.121000000000000000e+03 1.701844414670621031e-02
1.120000000000000000e+03 1.635249395843199963e-02
1.119000000000000000e+03 1.643577663020895363e-02
1.118000000000000000e+03 1.725505194288328575e-02
1.117000000000000000e+03 1.860738596572673875e-02
1.116000000000000000e+03 2.018995704331327801e-02
1.115000000000000000e+03 2.166425962664392246e-02
1.114000000000000000e+03 2.273658255265058672e-02
1.113000000000000000e+03 2.322138801756189891e-02
1.112000000000000000e+03 2.305346830747062939e-02
1.111000000000000000e+03 2.230195079095318236e-02
1.110000000000000000e+03 2.114089261790013177e-02
1.109000000000000000e+03 1.982642591170418606e-02
1.108000000000000000e+03 1.863769408949524781e-02
1.107000000000000000e+03 1.782224336092804937e-02
1.106000000000000000e+03 1.753896651599704676e-02
1.105000000000000000e+03 1.783920625061086521e-02
1.104000000000000000e+03 1.864924397786882695e-02
1.103000000000000000e+03 1.980681497860760712e-02
1.102000000000000000e+03 2.109775253352881574e-02
1.101000000000000000e+03 2.231291006381824066e-02
1.100000000000000000e+03 2.326473336634136968e-02
1.099000000000000000e+03 2.383870571794559703e-02
1.098000000000000000e+03 2.400836716519055142e-02
1.097000000000000000e+03 2.381123286220501734e-02
1.096000000000000000e+03 2.336391748019478465e-02
1.095000000000000000e+03 2.281635886091607987e-02
1.094000000000000000e+03 2.232655387365248267e-02
1.093000000000000000e+03 2.200613654310521958e-02
1.092000000000000000e+03 2.190894033860071172e-02
1.091000000000000000e+03 2.203345153613361224e-02
1.090000000000000000e+03 2.230600666864752252e-02
1.089000000000000000e+03 2.261600182034345305e-02
1.088000000000000000e+03 2.283715640798123989e-02
1.087000000000000000e+03 2.287282371307172713e-02
1.086000000000000000e+03 2.266884426634306962e-02
1.085000000000000000e+03 2.223805673298223651e-02
1.084000000000000000e+03 2.164489355276869378e-02
1.083000000000000000e+03 2.099908844418252318e-02
1.082000000000000000e+03 2.043148328527743043e-02
1.081000000000000000e+03 2.006015509876058270e-02
1.080000000000000000e+03 1.995730557812511879e-02
1.079000000000000000e+03 2.013092799018894458e-02
1.078000000000000000e+03 2.053609671503519446e-02
1.077000000000000000e+03 2.105457849711783389e-02
1.076000000000000000e+03 2.156048614311383352e-02
1.075000000000000000e+03 2.190880255065302470e-02
1.074000000000000000e+03 2.199451678170540048e-02
1.073000000000000000e+03 2.175137625299747302e-02
1.072000000000000000e+03 2.118848761132016353e-02
1.071000000000000000e+03 2.036456309844585089e-02
1.070000000000000000e+03 1.939475210154915918e-02
1.069000000000000000e+03 1.844960280657993376e-02
1.068000000000000000e+03 1.770699817875868998e-02
1.067000000000000000e+03 1.732778946828500768e-02
1.066000000000000000e+03 1.740623844999021619e-02
1.065000000000000000e+03 1.793917967547987991e-02
1.064000000000000000e+03 1.884034016014459953e-02
1.063000000000000000e+03 1.994332333675155958e-02
1.062000000000000000e+03 2.103924548370230893e-02
1.061000000000000000e+03 2.191506344131835538e-02
1.060000000000000000e+03 2.239286540974817080e-02
1.059000000000000000e+03 2.235265544170935564e-02
1.058000000000000000e+03 2.176598150403600065e-02
1.057000000000000000e+03 2.068763838058119628e-02
1.056000000000000000e+03 1.927823947803194993e-02
1.055000000000000000e+03 1.774286162425713423e-02
1.054000000000000000e+03 1.631662793473035930e-02
1.053000000000000000e+03 1.520415737117988310e-02
1.052000000000000000e+03 1.456534710249956198e-02
1.051000000000000000e+03 1.445232891491593508e-02
1.050000000000000000e+03 1.483649242807041392e-02
1.049000000000000000e+03 1.559979014528046874e-02
1.048000000000000000e+03 1.657899899398910040e-02
1.047000000000000000e+03 1.761132802232794753e-02
1.046000000000000000e+03 1.857578172243711662e-02
1.045000000000000000e+03 1.938330408041880407e-02
1.044000000000000000e+03 2.000585563484168911e-02
1.043000000000000000e+03 2.045314280326340078e-02
1.042000000000000000e+03 2.077638963481419701e-02
1.041000000000000000e+03 2.102749151904494476e-02
1.040000000000000000e+03 2.126872709171990714e-02
1.039000000000000000e+03 2.152563679859384113e-02
1.038000000000000000e+03 2.179850964209621017e-02
1.037000000000000000e+03 2.203816741997824402e-02
1.036000000000000000e+03 2.216276452015328302e-02
1.035000000000000000e+03 2.209407533524827133e-02
1.034000000000000000e+03 2.175617334009118456e-02
1.033000000000000000e+03 2.113627596566269168e-02
1.032000000000000000e+03 2.028273629908109235e-02
1.031000000000000000e+03 1.931233087132104911e-02
1.030000000000000000e+03 1.839927440886040058e-02
1.029000000000000000e+03 1.772685749804544381e-02
1.028000000000000000e+03 1.744774857061412096e-02
1.027000000000000000e+03 1.765391295245768294e-02
1.026000000000000000e+03 1.832242856481132443e-02
1.025000000000000000e+03 1.934713837759651292e-02
1.024000000000000000e+03 2.051486022299838646e-02
1.023000000000000000e+03 2.158617730580826219e-02
1.022000000000000000e+03 2.234374425696960403e-02
1.021000000000000000e+03 2.262998958296332311e-02
1.020000000000000000e+03 2.238359911675848885e-02
1.019000000000000000e+03 2.165025165858097331e-02
1.018000000000000000e+03 2.056569030994252409e-02
1.017000000000000000e+03 1.935260760219863554e-02
1.016000000000000000e+03 1.826453886468613896e-02
1.015000000000000000e+03 1.754221227006507247e-02
1.014000000000000000e+03 1.736738437686406386e-02
1.013000000000000000e+03 1.778915138239028568e-02
1.012000000000000000e+03 1.873102255694458762e-02
1.011000000000000000e+03 1.998682162847508284e-02
1.010000000000000000e+03 2.128872990424771072e-02
1.009000000000000000e+03 2.233312330604462354e-02
1.008000000000000000e+03 2.288429371960066377e-02
1.007000000000000000e+03 2.278994579697935993e-02
1.006000000000000000e+03 2.206758102191014315e-02
1.005000000000000000e+03 2.087295981099236350e-02
1.004000000000000000e+03 1.947232314615188198e-02
1.003000000000000000e+03 1.817121065952584727e-02
1.002000000000000000e+03 1.724437756246867057e-02
1.001000000000000000e+03 1.686500096557995779e-02
1.000000000000000000e+03 1.707455421065468340e-02
9.990000000000000000e+02 1.776054427912998265e-02
9.980000000000000000e+02 1.872646266231447684e-02
9.970000000000000000e+02 1.971674334852362501e-02
9.960000000000000000e+02 2.052156229757431255e-02
9.950000000000000000e+02 2.098676275856014434e-02
9.940000000000000000e+02 2.106668260285416913e-02
9.930000000000000000e+02 2.082227774705686790e-02
9.920000000000000000e+02 2.040886405912552271e-02
9.910000000000000000e+02 2.005538677410191248e-02
9.900000000000000000e+02 1.998498594156675884e-02
9.890000000000000000e+02 2.034753504664316148e-02
9.880000000000000000e+02 2.116802171985969483e-02
9.870000000000000000e+02 2.231226681500770789e-02
9.860000000000000000e+02 2.353737326380194242e-02
9.850000000000000000e+02 2.453827196685552312e-02
9.840000000000000000e+02 2.508025359637502255e-02
9.830000000000000000e+02 2.503920688784656845e-02
9.820000000000000000e+02 2.449147803420932343e-02
9.810000000000000000e+02 2.362729074698628751e-02
9.800000000000000000e+02 2.269562182811313972e-02
9.790000000000000000e+02 2.193678360287932769e-02
9.780000000000000000e+02 2.151698193568288286e-02
9.770000000000000000e+02 2.147910012277482600e-02
9.760000000000000000e+02 2.173531402966141085e-02
9.750000000000000000e+02 2.208107997665356356e-02
9.740000000000000000e+02 2.225875243849049709e-02
9.730000000000000000e+02 2.202047745985308627e-02
9.720000000000000000e+02 2.119969573048102740e-02
9.710000000000000000e+02 1.978043737743392927e-02
9.700000000000000000e+02 1.796436892263370000e-02
9.690000000000000000e+02 1.611717066703686682e-02
9.680000000000000000e+02 1.469900131718198527e-02
9.670000000000000000e+02 1.409164359297666348e-02
9.660000000000000000e+02 1.447690086426531471e-02
9.650000000000000000e+02 1.576576526865944294e-02
9.640000000000000000e+02 1.761925445235094576e-02
9.630000000000000000e+02 1.957452601936578510e-02
9.620000000000000000e+02 2.119767409209578207e-02
9.610000000000000000e+02 2.215985501654975723e-02
9.600000000000000000e+02 2.232003875133281925e-02
9.590000000000000000e+02 2.172832472512357255e-02
9.580000000000000000e+02 2.068397004198820402e-02
9.570000000000000000e+02 1.966890336729920988e-02
9.560000000000000000e+02 1.917113564530676523e-02
9.550000000000000000e+02 1.945006129795038077e-02
9.540000000000000000e+02 2.041018133598181128e-02
9.530000000000000000e+02 2.169690058007455249e-02
9.520000000000000000e+02 2.294292925220371704e-02
9.510000000000000000e+02 2.377205326664362517e-02
9.500000000000000000e+02 2.296468951249491797e-02
9.490000000000000000e+02 1.811031697194845358e-02
9.480000000000000000e+02 1.040805039644172349e-02
9.470000000000000000e+02 4.708567452384219802e-03
9.460000000000000000e+02 1.975271775185114247e-03
9.450000000000000000e+02 8.359334798023992756e-04
9.440000000000000000e+02 3.634878525629553036e-04
9.430000000000000000e+02 1.623814987069148105e-04
9.420000000000000000e+02 7.456829746112796271e-05
9.410000000000000000e+02 3.531199393134174577e-05
9.400000000000000000e+02 1.735169420257454855e-05
9.390000000000000000e+02 8.961938326215886696e-06
9.380000000000000000e+02 4.984660974131469672e-06
9.370000000000000000e+02 3.076034478847072534e-06
9.360000000000000000e+02 2.142538671092472721e-06
9.350000000000000000e+02 1.664008126171141009e-06
9.340000000000000000e+02 1.392192489871684521e-06
9.330000000000000000e+02 1.216818295803415537e-06
9.320000000000000000e+02 1.101763900199004779e-06
9.310000000000000000e+02 1.055992005611716437e-06
9.300000000000000000e+02 1.107098430331150260e-06
9.290000000000000000e+02 1.259364171241439871e-06
9.280000000000000000e+02 1.459689197496282813e-06
9.270000000000000000e+02 1.624201072863550430e-06
9.260000000000000000e+02 1.707705388363152706e-06
9.250000000000000000e+02 1.719259268229137919e-06
9.240000000000000000e+02 1.679861662381962363e-06
9.230000000000000000e+02 1.592503763440324563e-06
9.220000000000000000e+02 1.646666237161662666e-06
9.210000000000000000e+02 3.056200153211090017e-06
9.200000000000000000e+02 4.773336866157876995e-06
9.190000000000000000e+02 3.237589423243249645e-06
9.180000000000000000e+02 1.608936679529462431e-06
9.170000000000000000e+02 8.363897179556614482e-07
9.160000000000000000e+02 4.882833214936018908e-07
9.150000000000000000e+02 3.184547576729552826e-07
9.140000000000000000e+02 2.282783838743765082e-07
9.130000000000000000e+02 1.765990984994875900e-07
9.120000000000000000e+02 1.468799199259956611e-07
9.110000000000000000e+02 1.278405864667105946e-07
9.100000000000000000e+02 1.141587472527365713e-07
9.090000000000000000e+02 1.011512703695121712e-07
9.080000000000000000e+02 8.555019165539221915e-08
9.070000000000000000e+02 6.625892355394518421e-08
9.060000000000000000e+02 4.574274227775062521e-08
9.050000000000000000e+02 2.843657575920198865e-08
9.040000000000000000e+02 1.659063528268980376e-08
9.030000000000000000e+02 9.518495761403825892e-09
9.020000000000000000e+02 5.613456096321322849e-09
9.010000000000000000e+02 3.500000179002151644e-09
9.000000000000000000e+02 2.381144602360482433e-09
