2.600000000000000000e+03 7.588179421311813297e-08
2.599000000000000000e+03 8.532103546771391966e-08
2.598000000000000000e+03 9.580703576553512973e-08
2.597000000000000000e+03 1.082923825962655714e-07
2.596000000000000000e+03 1.222578680425446712e-07
2.595000000000000000e+03 1.385008703607925280e-07
2.594000000000000000e+03 1.571851737605994883e-07
2.593000000000000000e+03 1.785339274425084634e-07
2.592000000000000000e+03 2.033636965511283691e-07
2.591000000000000000e+03 2.319695623505419164e-07
2.590000000000000000e+03 2.647881555308583202e-07
2.589000000000000000e+03 3.012394373397518357e-07
2.588000000000000000e+03 3.422420175585286918e-07
2.587000000000000000e+03 3.877066645609349607e-07
2.586000000000000000e+03 4.365900501043567255e-07
2.585000000000000000e+03 4.878516511251940879e-07
2.584000000000000000e+03 5.435039888451336119e-07
2.583000000000000000e+03 5.924702856023133090e-07
2.582000000000000000e+03 6.427331184903334700e-07
2.581000000000000000e+03 6.871396190024652812e-07
2.580000000000000000e+03 7.254269850951189676e-07
2.579000000000000000e+03 7.541016959652190479e-07
2.578000000000000000e+03 7.715015755727233809e-07
2.577000000000000000e+03 7.820287376818665450e-07
2.576000000000000000e+03 7.826913635293934186e-07
2.575000000000000000e+03 7.735875623634732504e-07
2.574000000000000000e+03 7.585614794542649899e-07
2.573000000000000000e+03 7.358728340753772977e-07
2.572000000000000000e+03 7.118068801237741492e-07
2.571000000000000000e+03 6.831559771046961862e-07
2.570000000000000000e+03 6.526309618864193242e-07
2.569000000000000000e+03 6.206960827409491855e-07
2.568000000000000000e+03 5.880183819635762078e-07
2.567000000000000000e+03 5.569925348823300216e-07
2.566000000000000000e+03 5.245492315546087834e-07
2.565000000000000000e+03 4.907533994452438931e-07
2.564000000000000000e+03 4.608989497644806963e-07
2.563000000000000000e+03 4.301816333641252224e-07
2.562000000000000000e+03 4.029751666510453657e-07
2.561000000000000000e+03 3.765267199696479084e-07
2.560000000000000000e+03 3.509380197244801491e-07
2.559000000000000000e+03 3.265370262731085380e-07
2.558000000000000000e+03 3.052834596581730207e-07
2.557000000000000000e+03 2.845660384298577733e-07
2.556000000000000000e+03 2.664513079851066068e-07
2.555000000000000000e+03 2.488651877858649283e-07
2.554000000000000000e+03 2.340283850701050821e-07
2.553000000000000000e+03 2.195794714712959594e-07
2.552000000000000000e+03 2.082852715195486940e-07
2.551000000000000000e+03 1.971639688368369942e-07
2.550000000000000000e+03 1.873958657010076759e-07
2.549000000000000000e+03 1.789831680787630090e-07
2.548000000000000000e+03 1.714888834668386424e-07
2.547000000000000000e+03 1.650313640926942176e-07
2.546000000000000000e+03 1.592756663400063132e-07
2.545000000000000000e+03 1.547116521203446387e-07
2.544000000000000000e+03 1.508502326259561556e-07
2.543000000000000000e+03 1.475635565315639843e-07
2.542000000000000000e+03 1.450584886153897627e-07
2.541000000000000000e+03 1.434356205052519363e-07
2.540000000000000000e+03 1.423056467074353433e-07
2.539000000000000000e+03 1.421149676121565460e-07
2.538000000000000000e+03 1.426432347151078476e-07
2.537000000000000000e+03 1.437549784113665325e-07
2.536000000000000000e+03 1.457378010345770733e-07
2.535000000000000000e+03 1.485446393643908989e-07
2.534000000000000000e+03 1.520622173928844486e-07
2.533000000000000000e+03 1.564840710425216426e-07
2.532000000000000000e+03 1.619156690742726357e-07
2.531000000000000000e+03 1.683888645556779619e-07
2.530000000000000000e+03 1.759910480959869841e-07
2.529000000000000000e+03 1.840969860319567394e-07
2.528000000000000000e+03 1.934260320042163295e-07
2.527000000000000000e+03 2.044603598618451160e-07
2.526000000000000000e+03 2.167305655256983666e-07
2.525000000000000000e+03 2.287126614839118343e-07
2.524000000000000000e+03 2.423252937721802207e-07
2.523000000000000000e+03 2.558034797056331530e-07
2.522000000000000000e+03 2.692017531620551985e-07
2.521000000000000000e+03 2.823624477607318086e-07
2.520000000000000000e+03 2.896080897895332408e-07
2.519000000000000000e+03 2.946819229941682078e-07
2.518000000000000000e+03 2.979896948925611653e-07
2.517000000000000000e+03 2.931214066363545568e-07
2.516000000000000000e+03 2.808844122379573114e-07
2.515000000000000000e+03 2.668911720606422049e-07
2.514000000000000000e+03 2.523468198868021052e-07
2.513000000000000000e+03 2.270558740631368942e-07
2.512000000000000000e+03 2.047036188909195988e-07
2.511000000000000000e+03 1.842426342618963007e-07
2.510000000000000000e+03 1.643469933120381865e-07
2.509000000000000000e+03 1.465436995104524531e-07
2.508000000000000000e+03 1.306265375089266805e-07
2.507000000000000000e+03 1.155651218452158284e-07
2.506000000000000000e+03 1.035362755215090004e-07
2.505000000000000000e+03 9.384160067589668248e-08
2.504000000000000000e+03 8.493256447274485416e-08
2.503000000000000000e+03 7.708660277097102263e-08
2.502000000000000000e+03 7.030190757264769822e-08
2.501000000000000000e+03 6.444454936959685515e-08
2.500000000000000000e+03 5.951348488548111644e-08
2.499000000000000000e+03 5.505331878676418285e-08
2.498000000000000000e+03 5.113632355907770025e-08
2.497000000000000000e+03 4.778256144335727492e-08
2.496000000000000000e+03 4.483081711507059465e-08
2.495000000000000000e+03 4.231997679199065860e-08
2.494000000000000000e+03 4.016243919819083055e-08
2.493000000000000000e+03 3.830301079080841443e-08
2.492000000000000000e+03 3.673235208875064381e-08
2.491000000000000000e+03 3.541803046626441615e-08
2.490000000000000000e+03 3.432140027906744051e-08
2.489000000000000000e+03 3.353412822101937294e-08
2.488000000000000000e+03 3.294677277902425892e-08
2.487000000000000000e+03 3.254844962156485573e-08
2.486000000000000000e+03 3.232080904585409951e-08
2.485000000000000000e+03 3.224083709693144779e-08
2.484000000000000000e+03 3.233785101840420311e-08
2.483000000000000000e+03 3.262072781337527955e-08
2.482000000000000000e+03 3.303204548635725774e-08
2.481000000000000000e+03 3.369431008706655309e-08
2.480000000000000000e+03 3.451403431618826529e-08
2.479000000000000000e+03 3.567982291621289618e-08
2.478000000000000000e+03 3.701941761251510661e-08
2.477000000000000000e+03 3.867625267936257281e-08
2.476000000000000000e+03 4.064729175406523485e-08
2.475000000000000000e+03 4.312308714948058243e-08
2.474000000000000000e+03 4.610923208438946967e-08
2.473000000000000000e+03 4.957821400878247207e-08
2.472000000000000000e+03 5.367771422070811345e-08
2.471000000000000000e+03 5.876332272013273252e-08
2.470000000000000000e+03 6.485476345388307590e-08
2.469000000000000000e+03 7.241838314502841877e-08
2.468000000000000000e+03 8.140943921720067719e-08
2.467000000000000000e+03 9.250209592375022071e-08
2.466000000000000000e+03 1.060654452641804872e-07
2.465000000000000000e+03 1.225630263781561110e-07
2.464000000000000000e+03 1.419009773983348100e-07
2.463000000000000000e+03 1.640650075237860428e-07
2.462000000000000000e+03 1.870023012628576724e-07
2.461000000000000000e+03 2.112069842417636790e-07
2.460000000000000000e+03 2.270754211596207702e-07
2.459000000000000000e+03 2.362699701053299841e-07
2.458000000000000000e+03 2.308582095166368725e-07
2.457000000000000000e+03 2.158334126229465000e-07
2.456000000000000000e+03 1.927337233061702611e-07
2.455000000000000000e+03 1.680486421165283044e-07
2.454000000000000000e+03 1.425415244451501192e-07
2.453000000000000000e+03 1.201045969071709823e-07
2.452000000000000000e+03 1.011169001455127158e-07
2.451000000000000000e+03 8.552769051774496857e-08
2.450000000000000000e+03 7.288874787528728679e-08
2.449000000000000000e+03 6.257015728304640656e-08
2.448000000000000000e+03 5.436364043095066410e-08
2.447000000000000000e+03 4.775452283217443389e-08
2.446000000000000000e+03 4.227853323213502152e-08
2.445000000000000000e+03 3.779408905218124574e-08
2.444000000000000000e+03 3.412335094394176139e-08
2.443000000000000000e+03 3.108379334494912442e-08
2.442000000000000000e+03 2.852260381084899599e-08
2.441000000000000000e+03 2.645605456318648863e-08
2.440000000000000000e+03 2.471931002888535287e-08
2.439000000000000000e+03 2.313615279089260108e-08
2.438000000000000000e+03 2.202666714342274441e-08
2.437000000000000000e+03 2.092660094737569711e-08
2.436000000000000000e+03 2.015512800237632638e-08
2.435000000000000000e+03 1.937920070543985120e-08
2.434000000000000000e+03 1.891741851705606320e-08
2.433000000000000000e+03 1.846140800962622507e-08
2.432000000000000000e+03 1.817499363313441704e-08
2.431000000000000000e+03 1.804698587200614661e-08
2.430000000000000000e+03 1.807398231390631187e-08
2.429000000000000000e+03 1.810535986560093611e-08
2.428000000000000000e+03 1.830854346480747554e-08
2.427000000000000000e+03 1.851169145226462432e-08
2.426000000000000000e+03 1.887083925479346193e-08
2.425000000000000000e+03 1.939664251666715840e-08
2.424000000000000000e+03 2.009798051862747322e-08
2.423000000000000000e+03 2.096629820522733781e-08
2.422000000000000000e+03 2.199295209896594491e-08
2.421000000000000000e+03 2.302406084347076426e-08
2.420000000000000000e+03 2.440045466938533197e-08
2.419000000000000000e+03 2.594950649079152494e-08
2.418000000000000000e+03 2.765878761096976306e-08
2.417000000000000000e+03 2.953863118139641246e-08
2.416000000000000000e+03 3.177248516574440343e-08
2.415000000000000000e+03 3.401960461679887283e-08
2.414000000000000000e+03 3.652306165165066820e-08
2.413000000000000000e+03 3.894662737386220598e-08
2.412000000000000000e+03 4.125388254035063521e-08
2.411000000000000000e+03 4.323257936139677353e-08
2.410000000000000000e+03 4.466285369244996752e-08
2.409000000000000000e+03 4.537302478683156921e-08
2.408000000000000000e+03 4.525153249343959617e-08
2.407000000000000000e+03 4.427339958263533203e-08
2.406000000000000000e+03 4.249647907236303979e-08
2.405000000000000000e+03 4.015905741554511682e-08
2.404000000000000000e+03 3.734372108723088784e-08
2.403000000000000000e+03 3.435298516942043495e-08
2.402000000000000000e+03 3.133502885854230323e-08
2.401000000000000000e+03 2.864233926227279182e-08
2.400000000000000000e+03 2.595205927804858242e-08
2.399000000000000000e+03 2.360123758385089699e-08
2.398000000000000000e+03 2.157563950197455953e-08
2.397000000000000000e+03 1.971093088840145850e-08
2.396000000000000000e+03 1.819419463224554820e-08
2.395000000000000000e+03 1.679703559689264927e-08
2.394000000000000000e+03 1.563062749118293446e-08
2.393000000000000000e+03 1.464814054649011633e-08
2.392000000000000000e+03 1.384294327154454892e-08
2.391000000000000000e+03 1.316035186611145063e-08
2.390000000000000000e+03 1.262739164701659225e-08
2.389000000000000000e+03 1.219517304584094655e-08
2.388000000000000000e+03 1.187244681079096203e-08
2.387000000000000000e+03 1.167498482836787830e-08
2.386000000000000000e+03 1.156033595153301814e-08
2.385000000000000000e+03 1.156718296644470448e-08
2.384000000000000000e+03 1.168609285151401700e-08
2.383000000000000000e+03 1.195118179042654974e-08
2.382000000000000000e+03 1.233767710797542798e-08
2.381000000000000000e+03 1.290266285844733288e-08
2.380000000000000000e+03 1.369188109700149304e-08
2.379000000000000000e+03 1.474000727776868623e-08
2.378000000000000000e+03 1.616572819138692233e-08
2.377000000000000000e+03 1.806521953306615005e-08
2.376000000000000000e+03 2.070731859757081577e-08
2.375000000000000000e+03 2.440205582887737843e-08
2.374000000000000000e+03 2.992462533983683926e-08
2.373000000000000000e+03 3.838645453833540561e-08
2.372000000000000000e+03 5.239190733283905920e-08
2.371000000000000000e+03 7.783870783384633399e-08
2.370000000000000000e+03 1.287042281664833651e-07
2.369000000000000000e+03 2.246138397344190438e-07
2.368000000000000000e+03 3.135154680203897131e-07
2.367000000000000000e+03 2.973824379967023250e-07
2.366000000000000000e+03 2.070619436067781761e-07
2.365000000000000000e+03 1.182248103723553400e-07
2.364000000000000000e+03 6.186122215281011554e-08
2.363000000000000000e+03 3.522364820853547357e-08
2.362000000000000000e+03 2.202443181788069136e-08
2.361000000000000000e+03 1.479203890354020418e-08
2.360000000000000000e+03 1.047802938480665988e-08
2.359000000000000000e+03 7.721320436945116806e-09
2.358000000000000000e+03 5.866937696124292078e-09
2.357000000000000000e+03 4.575332515860089470e-09
2.356000000000000000e+03 3.629249709367380751e-09
2.355000000000000000e+03 2.941816350154512536e-09
2.354000000000000000e+03 2.420365688063930029e-09
2.353000000000000000e+03 2.011275768904597060e-09
2.352000000000000000e+03 1.693968828410719953e-09
2.351000000000000000e+03 1.441112608643749337e-09
2.350000000000000000e+03 1.236155814117678152e-09
2.349000000000000000e+03 1.068937916077298677e-09
2.348000000000000000e+03 9.317994025922990914e-10
2.347000000000000000e+03 8.166270765542310118e-10
2.346000000000000000e+03 7.217177571424729498e-10
2.345000000000000000e+03 6.420486987849205561e-10
2.344000000000000000e+03 5.736969561966079271e-10
2.343000000000000000e+03 5.144078721515830154e-10
2.342000000000000000e+03 4.643528213451840184e-10
2.341000000000000000e+03 4.219710951205699074e-10
2.340000000000000000e+03 3.834043897239232003e-10
2.339000000000000000e+03 3.502118127832650355e-10
2.338000000000000000e+03 3.225721839010209359e-10
2.337000000000000000e+03 2.970213591065867600e-10
2.336000000000000000e+03 2.751380767969234251e-10
2.335000000000000000e+03 2.567985683527936509e-10
2.334000000000000000e+03 2.386037492183768139e-10
2.333000000000000000e+03 2.241654860400368648e-10
2.332000000000000000e+03 2.097465564294798789e-10
2.331000000000000000e+03 1.988622309485832034e-10
2.330000000000000000e+03 1.881043284560178920e-10
2.329000000000000000e+03 1.792398782354250764e-10
2.328000000000000000e+03 1.698202483149979794e-10
2.327000000000000000e+03 1.623471082422524033e-10
2.326000000000000000e+03 1.556915130223040158e-10
2.325000000000000000e+03 1.496329323812343779e-10
2.324000000000000000e+03 1.444204040383099956e-10
2.323000000000000000e+03 1.397493171648587718e-10
2.322000000000000000e+03 1.355269764060737761e-10
2.321000000000000000e+03 1.320393232520324917e-10
2.320000000000000000e+03 1.288591578171796947e-10
2.319000000000000000e+03 1.262423446348358436e-10
2.318000000000000000e+03 1.238784390422530319e-10
2.317000000000000000e+03 1.220408468787497498e-10
2.316000000000000000e+03 1.205193953164628435e-10
2.315000000000000000e+03 1.194001519066366475e-10
2.314000000000000000e+03 1.186970405033324348e-10
2.313000000000000000e+03 1.183198250948044696e-10
2.312000000000000000e+03 1.180927038902948737e-10
2.311000000000000000e+03 1.184677762793599484e-10
2.310000000000000000e+03 1.190540738129975516e-10
2.309000000000000000e+03 1.199519739232359320e-10
2.308000000000000000e+03 1.212073009840504845e-10
2.307000000000000000e+03 1.228920262441134790e-10
2.306000000000000000e+03 1.249424960813182682e-10
2.305000000000000000e+03 1.272992236143114590e-10
2.304000000000000000e+03 1.302280388250560934e-10
2.303000000000000000e+03 1.337709805370517859e-10
2.302000000000000000e+03 1.376448143244181450e-10
2.301000000000000000e+03 1.422036382729674604e-10
2.300000000000000000e+03 1.473632656744786124e-10
2.299000000000000000e+03 1.533027884984168866e-10
2.298000000000000000e+03 1.599070754342590084e-10
2.297000000000000000e+03 1.675881333174685987e-10
2.296000000000000000e+03 1.762624460338749563e-10
2.295000000000000000e+03 1.862295767381100372e-10
2.294000000000000000e+03 1.971887020648819858e-10
2.293000000000000000e+03 2.103774450784923767e-10
2.292000000000000000e+03 2.254837204172583951e-10
2.291000000000000000e+03 2.423435788753793905e-10
2.290000000000000000e+03 2.627772584187369238e-10
2.289000000000000000e+03 2.869391770704043177e-10
2.288000000000000000e+03 3.166825386165452122e-10
2.287000000000000000e+03 3.498470468017920096e-10
2.286000000000000000e+03 3.902085503049798817e-10
2.285000000000000000e+03 4.398158626999639974e-10
2.284000000000000000e+03 5.021297537258560104e-10
2.283000000000000000e+03 5.785990283157613923e-10
2.282000000000000000e+03 6.767782695974630605e-10
2.281000000000000000e+03 8.059069319766956582e-10
2.280000000000000000e+03 9.780030470095492223e-10
2.279000000000000000e+03 1.218048788044473206e-09
2.278000000000000000e+03 1.560761379445059665e-09
2.277000000000000000e+03 2.075969290278328242e-09
2.276000000000000000e+03 2.937949534361290701e-09
2.275000000000000000e+03 4.460881815937320047e-09
2.274000000000000000e+03 7.647660574281579383e-09
2.273000000000000000e+03 1.638558944761763474e-08
2.272000000000000000e+03 5.302678631919359321e-08
2.271000000000000000e+03 1.122450143939340677e-07
2.270000000000000000e+03 1.104654760979184742e-07
2.269000000000000000e+03 5.831133242825290827e-08
2.268000000000000000e+03 1.884199209445755244e-08
2.267000000000000000e+03 8.464474914024213399e-09
2.266000000000000000e+03 4.887375325391389079e-09
2.265000000000000000e+03 3.214510821438788269e-09
2.264000000000000000e+03 2.300897074011378634e-09
2.263000000000000000e+03 1.740433391828855969e-09
2.262000000000000000e+03 1.372804085173719669e-09
2.261000000000000000e+03 1.115663071936605464e-09
2.260000000000000000e+03 9.327750209427395054e-10
2.259000000000000000e+03 7.938173662631632175e-10
2.258000000000000000e+03 6.894906101879146443e-10
2.257000000000000000e+03 6.062794516611625415e-10
2.256000000000000000e+03 5.425462016170836913e-10
2.255000000000000000e+03 4.891491143517487888e-10
2.254000000000000000e+03 4.460652228379747883e-10
2.253000000000000000e+03 4.118763580188280862e-10
2.252000000000000000e+03 3.829807320960426367e-10
2.251000000000000000e+03 3.573784187512199600e-10
2.250000000000000000e+03 3.370107279594787109e-10
2.249000000000000000e+03 3.202751738084527556e-10
2.248000000000000000e+03 3.069425627761865767e-10
2.247000000000000000e+03 2.934728081559227065e-10
2.246000000000000000e+03 2.853606027356440910e-10
2.245000000000000000e+03 2.772740833245751524e-10
2.244000000000000000e+03 2.707905581930623282e-10
2.243000000000000000e+03 2.642761248262654948e-10
2.242000000000000000e+03 2.613948016146369555e-10
2.241000000000000000e+03 2.584188799880736041e-10
2.240000000000000000e+03 2.570981461677710195e-10
2.239000000000000000e+03 2.558348785885663756e-10
2.238000000000000000e+03 2.581597179562683268e-10
2.237000000000000000e+03 2.585317199607183258e-10
2.236000000000000000e+03 2.606641724511994291e-10
2.235000000000000000e+03 2.646652107042095028e-10
2.234000000000000000e+03 2.703543679261698297e-10
2.233000000000000000e+03 2.759067102367849039e-10
2.232000000000000000e+03 2.833180198588696279e-10
2.231000000000000000e+03 2.907060394302071415e-10
2.230000000000000000e+03 2.997011697611220262e-10
2.229000000000000000e+03 3.122603144627938814e-10
2.228000000000000000e+03 3.248708375054737066e-10
2.227000000000000000e+03 3.391085828652215646e-10
2.226000000000000000e+03 3.549673376158058489e-10
2.225000000000000000e+03 3.726799991635823126e-10
2.224000000000000000e+03 3.939074816833314999e-10
2.223000000000000000e+03 4.184354568904250509e-10
2.222000000000000000e+03 4.447006827637943237e-10
2.221000000000000000e+03 4.763714265589929040e-10
2.220000000000000000e+03 5.113093067501731120e-10
2.219000000000000000e+03 5.531504286056191084e-10
2.218000000000000000e+03 5.986396951762442698e-10
2.217000000000000000e+03 6.528281263701249377e-10
2.216000000000000000e+03 7.154495623254666596e-10
2.215000000000000000e+03 7.869541881485241253e-10
2.214000000000000000e+03 8.726709413870628728e-10
2.213000000000000000e+03 9.702258635902885603e-10
2.212000000000000000e+03 1.087016126401731209e-09
2.211000000000000000e+03 1.227090421076010973e-09
2.210000000000000000e+03 1.391509279001915791e-09
2.209000000000000000e+03 1.588926637200436930e-09
2.208000000000000000e+03 1.829269835364463658e-09
2.207000000000000000e+03 2.128125810983418404e-09
2.206000000000000000e+03 2.479261060983920735e-09
2.205000000000000000e+03 2.919400267349826055e-09
2.204000000000000000e+03 3.467358255792600834e-09
2.203000000000000000e+03 4.156696467907323336e-09
2.202000000000000000e+03 5.006386758856602465e-09
2.201000000000000000e+03 6.091172401763601290e-09
2.200000000000000000e+03 7.463111900016025460e-09
2.199000000000000000e+03 9.210533936142067893e-09
2.198000000000000000e+03 1.137781910128929957e-08
2.197000000000000000e+03 1.403938403373390686e-08
2.196000000000000000e+03 1.719113188240074538e-08
2.195000000000000000e+03 2.073767209508982595e-08
2.194000000000000000e+03 2.456413982870260711e-08
2.193000000000000000e+03 2.822593925045391909e-08
2.192000000000000000e+03 3.136343217448695383e-08
2.191000000000000000e+03 3.362866204433557159e-08
2.190000000000000000e+03 3.499567183998464268e-08
2.189000000000000000e+03 3.544676183646347785e-08
2.188000000000000000e+03 3.517980439492247279e-08
2.187000000000000000e+03 3.472865538006307995e-08
2.186000000000000000e+03 3.388860223816229735e-08
2.185000000000000000e+03 3.341005505288004229e-08
2.184000000000000000e+03 3.293290706583049535e-08
2.183000000000000000e+03 3.298740757608286709e-08
2.182000000000000000e+03 3.321372447765893892e-08
2.181000000000000000e+03 3.399908224613801894e-08
2.180000000000000000e+03 3.513994680564069539e-08
2.179000000000000000e+03 3.681483752823776427e-08
2.178000000000000000e+03 3.923221319028712479e-08
2.177000000000000000e+03 4.237907314297266179e-08
2.176000000000000000e+03 4.660152726089144247e-08
2.175000000000000000e+03 5.191972729691777131e-08
2.174000000000000000e+03 5.870011046091754911e-08
2.173000000000000000e+03 6.763172501382756279e-08
2.172000000000000000e+03 7.871690533515221205e-08
2.171000000000000000e+03 9.233389421962474837e-08
2.170000000000000000e+03 1.082209017988639156e-07
2.169000000000000000e+03 1.248866646620326639e-07
2.168000000000000000e+03 1.392949084446477897e-07
2.167000000000000000e+03 1.472259831775709436e-07
2.166000000000000000e+03 1.454436756797517232e-07
2.165000000000000000e+03 1.343277701208304904e-07
2.164000000000000000e+03 1.171759483331836522e-07
2.163000000000000000e+03 9.830190711944854240e-08
2.162000000000000000e+03 8.083097644458669276e-08
2.161000000000000000e+03 6.616942844163324367e-08
2.160000000000000000e+03 5.442240864986145844e-08
2.159000000000000000e+03 4.523600948515502987e-08
2.158000000000000000e+03 3.806824137437687086e-08
2.157000000000000000e+03 3.251910341088336563e-08
2.156000000000000000e+03 2.805517332299351609e-08
2.155000000000000000e+03 2.450618746749523944e-08
2.154000000000000000e+03 2.167364555004727310e-08
2.153000000000000000e+03 1.955032767695097612e-08
2.152000000000000000e+03 1.762119334543904590e-08
2.151000000000000000e+03 1.608561604455993762e-08
2.150000000000000000e+03 1.481370950935206716e-08
2.149000000000000000e+03 1.374398820293616367e-08
2.148000000000000000e+03 1.285568936621189348e-08
2.147000000000000000e+03 1.208854542421763208e-08
2.146000000000000000e+03 1.143131920193727595e-08
2.145000000000000000e+03 1.086703621386102475e-08
2.144000000000000000e+03 1.035308515592466788e-08
2.143000000000000000e+03 9.910728364111079676e-09
2.142000000000000000e+03 9.525278000154133728e-09
2.141000000000000000e+03 9.172417011745744593e-09
2.140000000000000000e+03 8.835616157230324265e-09
2.139000000000000000e+03 8.518649867173604688e-09
2.138000000000000000e+03 8.234259127017284845e-09
2.137000000000000000e+03 7.945716337224673771e-09
2.136000000000000000e+03 7.675530615648362584e-09
2.135000000000000000e+03 7.401543549767529116e-09
2.134000000000000000e+03 7.140148402335460816e-09
2.133000000000000000e+03 6.877218375908852969e-09
2.132000000000000000e+03 6.610385853780081272e-09
2.131000000000000000e+03 6.355622604255730536e-09
2.130000000000000000e+03 6.098231153842679423e-09
2.129000000000000000e+03 5.856215773600914327e-09
2.128000000000000000e+03 5.607813496426188263e-09
2.127000000000000000e+03 5.375306745230042648e-09
2.126000000000000000e+03 5.159054040770007637e-09
2.125000000000000000e+03 4.937357067080258380e-09
2.124000000000000000e+03 4.731771409459097046e-09
2.123000000000000000e+03 4.543522917801792153e-09
2.122000000000000000e+03 4.370050006440793677e-09
2.121000000000000000e+03 4.194129363064487360e-09
2.120000000000000000e+03 4.055410282277057171e-09
2.119000000000000000e+03 3.893011069637396684e-09
2.118000000000000000e+03 3.767139041684143599e-09
2.117000000000000000e+03 3.659746832619631002e-09
2.116000000000000000e+03 3.549821256651207555e-09
2.115000000000000000e+03 3.477445705922836210e-09
2.114000000000000000e+03 3.404259281247187448e-09
2.113000000000000000e+03 3.329663064598874647e-09
2.112000000000000000e+03 3.292817299716094012e-09
2.111000000000000000e+03 3.254883292778599981e-09
2.110000000000000000e+03 3.234985473783004752e-09
2.109000000000000000e+03 3.234126799990309260e-09
2.108000000000000000e+03 3.232100023026762761e-09
2.107000000000000000e+03 3.247793799813112997e-09
2.106000000000000000e+03 3.264163484720076850e-09
2.105000000000000000e+03 3.315313701110327991e-09
2.104000000000000000e+03 3.366230489127355243e-09
2.103000000000000000e+03 3.435818982977333462e-09
2.102000000000000000e+03 3.522722196045897059e-09
2.101000000000000000e+03 3.644335445818065213e-09
2.100000000000000000e+03 3.767649828507669167e-09
2.099000000000000000e+03 3.926012414352440288e-09
2.098000000000000000e+03 4.102146025301203675e-09
2.097000000000000000e+03 4.298153916963821752e-09
2.096000000000000000e+03 4.530270687380907419e-09
2.095000000000000000e+03 4.798139469069671262e-09
2.094000000000000000e+03 5.087357902832624018e-09
2.093000000000000000e+03 5.414610795941138085e-09
2.092000000000000000e+03 5.762061531523551551e-09
2.091000000000000000e+03 6.132850860884498106e-09
2.090000000000000000e+03 6.544062016695736203e-09
2.089000000000000000e+03 6.942799081608144668e-09
2.088000000000000000e+03 7.349266227095836857e-09
2.087000000000000000e+03 7.728609949734359048e-09
2.086000000000000000e+03 8.077581070800276301e-09
2.085000000000000000e+03 8.381025344569292642e-09
2.084000000000000000e+03 8.585143002216519492e-09
2.083000000000000000e+03 8.719533826854909879e-09
2.082000000000000000e+03 8.750049679730107730e-09
2.081000000000000000e+03 8.692520058609690071e-09
2.080000000000000000e+03 8.541054129961637414e-09
2.079000000000000000e+03 8.314624890555786009e-09
2.078000000000000000e+03 8.048637331179932951e-09
2.077000000000000000e+03 7.738681441843192706e-09
2.076000000000000000e+03 7.404840615674846401e-09
2.075000000000000000e+03 7.066200916545026459e-09
2.074000000000000000e+03 6.738181306367030436e-09
2.073000000000000000e+03 6.423116636023663353e-09
2.072000000000000000e+03 6.122477321306945978e-09
2.071000000000000000e+03 5.852626592087046780e-09
2.070000000000000000e+03 5.597119421233280906e-09
2.069000000000000000e+03 5.357475854928982236e-09
2.068000000000000000e+03 5.168892855014126099e-09
2.067000000000000000e+03 4.995902504768908874e-09
2.066000000000000000e+03 4.839894714975702331e-09
2.065000000000000000e+03 4.699013787021105911e-09
2.064000000000000000e+03 4.593040184911679433e-09
2.063000000000000000e+03 4.523178655185424108e-09
2.062000000000000000e+03 4.450641999976253779e-09
2.061000000000000000e+03 4.413321368638851057e-09
2.060000000000000000e+03 4.393981033062208149e-09
2.059000000000000000e+03 4.390754945217804891e-09
2.058000000000000000e+03 4.422707403432695649e-09
2.057000000000000000e+03 4.472788359486300939e-09
2.056000000000000000e+03 4.539186411274861359e-09
2.055000000000000000e+03 4.640798592488209395e-09
2.054000000000000000e+03 4.778639949754192876e-09
2.053000000000000000e+03 4.950664879268629410e-09
2.052000000000000000e+03 5.140688572981279693e-09
2.051000000000000000e+03 5.402595908382320632e-09
2.050000000000000000e+03 5.681942777110114976e-09
2.049000000000000000e+03 6.050333147797392464e-09
2.048000000000000000e+03 6.474622153260912636e-09
2.047000000000000000e+03 6.970300766929995390e-09
2.046000000000000000e+03 7.566730463419845862e-09
2.045000000000000000e+03 8.286790065157380067e-09
2.044000000000000000e+03 9.147307924817509154e-09
2.043000000000000000e+03 1.018502695151694770e-08
2.042000000000000000e+03 1.144771357705554740e-08
2.041000000000000000e+03 1.298529708433764336e-08
2.040000000000000000e+03 1.487975967651522843e-08
2.039000000000000000e+03 1.722792019461530719e-08
2.038000000000000000e+03 2.016259262199543638e-08
2.037000000000000000e+03 2.388198391629582355e-08
2.036000000000000000e+03 2.863790060239954788e-08
2.035000000000000000e+03 3.477427229175329716e-08
2.034000000000000000e+03 4.282107321769522660e-08
2.033000000000000000e+03 5.348584978872293593e-08
2.032000000000000000e+03 6.776844453450804235e-08
2.031000000000000000e+03 8.706958997726809057e-08
2.030000000000000000e+03 1.132224908986690389e-07
2.029000000000000000e+03 1.483472666216605983e-07
2.028000000000000000e+03 1.942068537513367094e-07
2.027000000000000000e+03 2.504622474754335374e-07
2.026000000000000000e+03 3.118978585730603447e-07
2.025000000000000000e+03 3.676586869888237176e-07
2.024000000000000000e+03 4.044496092243071983e-07
2.023000000000000000e+03 4.146120136583021760e-07
2.022000000000000000e+03 4.013635941439560051e-07
2.021000000000000000e+03 3.740036238886009310e-07
2.020000000000000000e+03 3.425239085728287029e-07
2.019000000000000000e+03 3.132037874328598806e-07
2.018000000000000000e+03 2.888120642826970604e-07
2.017000000000000000e+03 2.699954190689924362e-07
2.016000000000000000e+03 2.567324772296782599e-07
2.015000000000000000e+03 2.483875398301511396e-07
2.014000000000000000e+03 2.446121909439123617e-07
2.013000000000000000e+03 2.451394180410458301e-07
2.012000000000000000e+03 2.494687632067617310e-07
2.011000000000000000e+03 2.575804187701495023e-07
2.010000000000000000e+03 2.689967844729300668e-07
2.009000000000000000e+03 2.830380159862593536e-07
2.008000000000000000e+03 2.983060980696482462e-07
2.007000000000000000e+03 3.126735363588713117e-07
2.006000000000000000e+03 3.227795208449749103e-07
2.005000000000000000e+03 3.252840144195769903e-07
2.004000000000000000e+03 3.173144694745844464e-07
2.003000000000000000e+03 2.984744129846864573e-07
2.002000000000000000e+03 2.710379058917957741e-07
2.001000000000000000e+03 2.389573441550014880e-07
2.000000000000000000e+03 2.062242817096460506e-07
1.999000000000000000e+03 1.759190590273229576e-07
1.998000000000000000e+03 1.494329466507483097e-07
1.997000000000000000e+03 1.271585026193734410e-07
1.996000000000000000e+03 1.089248473541910275e-07
1.995000000000000000e+03 9.409537076187991972e-08
1.994000000000000000e+03 8.214539020386393999e-08
1.993000000000000000e+03 7.249073442100888386e-08
1.992000000000000000e+03 6.466464040877358202e-08
1.991000000000000000e+03 5.833670494692192126e-08
1.990000000000000000e+03 5.319012300887010718e-08
1.989000000000000000e+03 4.893917651303038828e-08
1.988000000000000000e+03 4.559600416416090257e-08
1.987000000000000000e+03 4.271611479266898312e-08
1.986000000000000000e+03 4.049718164574496086e-08
1.985000000000000000e+03 3.859365478969436570e-08
1.984000000000000000e+03 3.718160830808752441e-08
1.983000000000000000e+03 3.609340083713237564e-08
1.982000000000000000e+03 3.514803086620141645e-08
1.981000000000000000e+03 3.471425875515708197e-08
1.980000000000000000e+03 3.443027397469897954e-08
1.979000000000000000e+03 3.429171991307134163e-08
1.978000000000000000e+03 3.448166740276717113e-08
1.977000000000000000e+03 3.482304369305676099e-08
1.976000000000000000e+03 3.530248684885779716e-08
1.975000000000000000e+03 3.629580887614371726e-08
1.974000000000000000e+03 3.742997585809644192e-08
1.973000000000000000e+03 3.887197806763636024e-08
1.972000000000000000e+03 4.062268520423593709e-08
1.971000000000000000e+03 4.286300945045976214e-08
1.970000000000000000e+03 4.556344682362249745e-08
1.969000000000000000e+03 4.890898716007442768e-08
1.968000000000000000e+03 5.305689971189015156e-08
1.967000000000000000e+03 5.797710434303165148e-08
1.966000000000000000e+03 6.402826484483426226e-08
1.965000000000000000e+03 7.151901949982799736e-08
1.964000000000000000e+03 8.077462551424845579e-08
1.963000000000000000e+03 9.231447739803064041e-08
1.962000000000000000e+03 1.067677423605674441e-07
1.961000000000000000e+03 1.248366750781988034e-07
1.960000000000000000e+03 1.473876105793754700e-07
1.959000000000000000e+03 1.744366837335455179e-07
1.958000000000000000e+03 2.089721291439671376e-07
1.957000000000000000e+03 2.471291888802008873e-07
1.956000000000000000e+03 2.874253219914351714e-07
1.955000000000000000e+03 3.268434612178797855e-07
1.954000000000000000e+03 3.553582225217532201e-07
1.953000000000000000e+03 3.695665987281727188e-07
1.952000000000000000e+03 3.675028296980072613e-07
1.951000000000000000e+03 3.502558315615753056e-07
1.950000000000000000e+03 3.243330681488787510e-07
1.949000000000000000e+03 2.962285175139932178e-07
1.948000000000000000e+03 2.693105075097445404e-07
1.947000000000000000e+03 2.436356423437117263e-07
1.946000000000000000e+03 2.227151959658904224e-07
1.945000000000000000e+03 2.030631578873661254e-07
1.944000000000000000e+03 1.884316505079838734e-07
1.943000000000000000e+03 1.770342309634419122e-07
1.942000000000000000e+03 1.673425807625427112e-07
1.941000000000000000e+03 1.599434651971104804e-07
1.940000000000000000e+03 1.541174207018999310e-07
1.939000000000000000e+03 1.499502450326217846e-07
1.938000000000000000e+03 1.472277564133514842e-07
1.937000000000000000e+03 1.458059091283931114e-07
1.936000000000000000e+03 1.455178401436496891e-07
1.935000000000000000e+03 1.463199962477216821e-07
1.934000000000000000e+03 1.484559165878039424e-07
1.933000000000000000e+03 1.515053789291043258e-07
1.932000000000000000e+03 1.560207863636664317e-07
1.931000000000000000e+03 1.616581692402903646e-07
1.930000000000000000e+03 1.687231653921152528e-07
1.929000000000000000e+03 1.774344186199852960e-07
1.928000000000000000e+03 1.876078501850618560e-07
1.927000000000000000e+03 1.986730320913017660e-07
1.926000000000000000e+03 2.132587502345663563e-07
1.925000000000000000e+03 2.295401228105106818e-07
1.924000000000000000e+03 2.458403036764313237e-07
1.923000000000000000e+03 2.658655521249729841e-07
1.922000000000000000e+03 2.843647733850755668e-07
1.921000000000000000e+03 3.051038754604684184e-07
1.920000000000000000e+03 3.229245756531864480e-07
1.919000000000000000e+03 3.396685194401150351e-07
1.918000000000000000e+03 3.519725581752342383e-07
1.917000000000000000e+03 3.596651528823113206e-07
1.916000000000000000e+03 3.626957554335655058e-07
1.915000000000000000e+03 3.608370572709135475e-07
1.914000000000000000e+03 3.537282055983403998e-07
1.913000000000000000e+03 3.430081961777773062e-07
1.912000000000000000e+03 3.301576900778160942e-07
1.911000000000000000e+03 3.157209127733335075e-07
1.910000000000000000e+03 3.011515680965074303e-07
1.909000000000000000e+03 2.868397289320685558e-07
1.908000000000000000e+03 2.731734440756155871e-07
1.907000000000000000e+03 2.604523440641122007e-07
1.906000000000000000e+03 2.487524285036245819e-07
1.905000000000000000e+03 2.381330689206398067e-07
1.904000000000000000e+03 2.285852499543909406e-07
1.903000000000000000e+03 2.200388479309641219e-07
1.902000000000000000e+03 2.124528988276746484e-07
1.901000000000000000e+03 2.057202713315365526e-07
1.900000000000000000e+03 1.998349151871601073e-07
1.899000000000000000e+03 1.946917809919546233e-07
1.898000000000000000e+03 1.903266250897583316e-07
1.897000000000000000e+03 1.866944245097394185e-07
1.896000000000000000e+03 1.838086788585107184e-07
1.895000000000000000e+03 1.817058646096668222e-07
1.894000000000000000e+03 1.804651665270919420e-07
1.893000000000000000e+03 1.801290786017008154e-07
1.892000000000000000e+03 1.808976764500404887e-07
1.891000000000000000e+03 1.828075589387432323e-07
1.890000000000000000e+03 1.860978064506886694e-07
1.889000000000000000e+03 1.908862323437722398e-07
1.888000000000000000e+03 1.974461317123189004e-07
1.887000000000000000e+03 2.059409458570595310e-07
1.886000000000000000e+03 2.165375744591868770e-07
1.885000000000000000e+03 2.294821416870987521e-07
1.884000000000000000e+03 2.447966407499429167e-07
1.883000000000000000e+03 2.625276653796122768e-07
1.882000000000000000e+03 2.825692643825033488e-07
1.881000000000000000e+03 3.045485779502147790e-07
1.880000000000000000e+03 3.282661603786223055e-07
1.879000000000000000e+03 3.529571445617620129e-07
1.878000000000000000e+03 3.779768343386193179e-07
1.877000000000000000e+03 4.023750609483668413e-07
1.876000000000000000e+03 4.252122110296798828e-07
1.875000000000000000e+03 4.457873850581358023e-07
1.874000000000000000e+03 4.632219535411957456e-07
1.873000000000000000e+03 4.768584422048950029e-07
1.872000000000000000e+03 4.866533420828765425e-07
1.871000000000000000e+03 4.922480009909396909e-07
1.870000000000000000e+03 4.944013576833879081e-07
1.869000000000000000e+03 4.934561451944635891e-07
1.868000000000000000e+03 4.905300168719856289e-07
1.867000000000000000e+03 4.869443755343345151e-07
1.866000000000000000e+03 4.839132881350157408e-07
1.865000000000000000e+03 4.833543139788050940e-07
1.864000000000000000e+03 4.864816783135724952e-07
1.863000000000000000e+03 4.951643798591892443e-07
1.862000000000000000e+03 5.106763056730333821e-07
1.861000000000000000e+03 5.340944844237193381e-07
1.860000000000000000e+03 5.658167166544042273e-07
1.859000000000000000e+03 6.057627568559157662e-07
1.858000000000000000e+03 6.529281547175516640e-07
1.857000000000000000e+03 7.052986768938629743e-07
1.856000000000000000e+03 7.596559113912845980e-07
1.855000000000000000e+03 8.119344481965817691e-07
1.854000000000000000e+03 8.567271859662464044e-07
1.853000000000000000e+03 8.887253556660414117e-07
1.852000000000000000e+03 9.041541715722993420e-07
1.851000000000000000e+03 9.037647185131882016e-07
1.850000000000000000e+03 9.007697306977864949e-07
1.849000000000000000e+03 9.312976458726619557e-07
1.848000000000000000e+03 1.074193250980823809e-06
1.847000000000000000e+03 1.474518392915534237e-06
1.846000000000000000e+03 2.363231461867501682e-06
1.845000000000000000e+03 4.039061743414231968e-06
1.844000000000000000e+03 6.788060240177115483e-06
1.843000000000000000e+03 1.073507375423706696e-05
1.842000000000000000e+03 1.573914056916459787e-05
1.841000000000000000e+03 2.147003227250851413e-05
1.840000000000000000e+03 2.760647407042332848e-05
1.839000000000000000e+03 3.402379795200713246e-05
1.838000000000000000e+03 4.082531431532261261e-05
1.837000000000000000e+03 4.825986363146740643e-05
1.836000000000000000e+03 5.668253856556526306e-05
1.835000000000000000e+03 6.645905099265909206e-05
1.834000000000000000e+03 7.797845862832947803e-05
1.833000000000000000e+03 9.171766954977557027e-05
1.832000000000000000e+03 1.081518203777556117e-04
1.831000000000000000e+03 1.279375519823390192e-04
1.830000000000000000e+03 1.516751285952359549e-04
1.829000000000000000e+03 1.801580473891188389e-04
1.828000000000000000e+03 2.141451553494788359e-04
1.827000000000000000e+03 2.545547934291375386e-04
1.826000000000000000e+03 3.021970822443622879e-04
1.825000000000000000e+03 3.577881450790205715e-04
1.824000000000000000e+03 4.217906357991472294e-04
1.823000000000000000e+03 4.946224935295469912e-04
1.822000000000000000e+03 5.762269675531080495e-04
1.821000000000000000e+03 6.660032123204489554e-04
1.820000000000000000e+03 7.633143171777590635e-04
1.819000000000000000e+03 8.674543103027411092e-04
1.818000000000000000e+03 9.773399883758594840e-04
1.817000000000000000e+03 1.092542891512681986e-03
1.816000000000000000e+03 1.212307111009648230e-03
1.815000000000000000e+03 1.337743622956972861e-03
1.814000000000000000e+03 1.469845201045694638e-03
1.813000000000000000e+03 1.610736686919378565e-03
1.812000000000000000e+03 1.763825848974949701e-03
1.811000000000000000e+03 1.932902879192480985e-03
1.810000000000000000e+03 2.123141218035149661e-03
1.809000000000000000e+03 2.341485233604066133e-03
1.808000000000000000e+03 2.596375333235076844e-03
1.807000000000000000e+03 2.898442165039294503e-03
1.806000000000000000e+03 3.262311362482556501e-03
1.805000000000000000e+03 3.704831628330759827e-03
1.804000000000000000e+03 4.249122318921084995e-03
1.803000000000000000e+03 4.925214497008299774e-03
1.802000000000000000e+03 5.772784655879991365e-03
1.801000000000000000e+03 6.842156048819148656e-03
1.800000000000000000e+03 8.198176734449221653e-03
1.799000000000000000e+03 9.925607998465091342e-03
1.798000000000000000e+03 1.211561214071102920e-02
1.797000000000000000e+03 1.487569085926528263e-02
1.796000000000000000e+03 1.829124202452702200e-02
1.795000000000000000e+03 2.238692627449340514e-02
1.794000000000000000e+03 2.708421037032643364e-02
1.793000000000000000e+03 3.211443310932136225e-02
1.792000000000000000e+03 3.704502846064128274e-02
1.791000000000000000e+03 4.136514816124368943e-02
1.790000000000000000e+03 4.463566939904010933e-02
1.789000000000000000e+03 4.666032745977024415e-02
1.788000000000000000e+03 4.750716141135862686e-02
1.787000000000000000e+03 4.741840627661676050e-02
1.786000000000000000e+03 4.669537088899960997e-02
1.785000000000000000e+03 4.560726514038357382e-02
1.784000000000000000e+03 4.431105446923654795e-02
1.783000000000000000e+03 4.293043207124482702e-02
1.782000000000000000e+03 4.149605801899745872e-02
1.781000000000000000e+03 4.000956497041575910e-02
1.780000000000000000e+03 3.846849995223845797e-02
1.779000000000000000e+03 3.685854032686830539e-02
1.778000000000000000e+03 3.515199317546516961e-02
1.777000000000000000e+03 3.335733981395826858e-02
1.776000000000000000e+03 3.146444455524200629e-02
1.775000000000000000e+03 2.950363160476051835e-02
1.774000000000000000e+03 2.748868984322412959e-02
1.773000000000000000e+03 2.544664517328741257e-02
1.772000000000000000e+03 2.341893046119281410e-02
1.771000000000000000e+03 2.142812371686292003e-02
1.770000000000000000e+03 1.951141141299756951e-02
1.769000000000000000e+03 1.768140192172920275e-02
1.768000000000000000e+03 1.596095909317156794e-02
1.767000000000000000e+03 1.436508654215963576e-02
1.766000000000000000e+03 1.289079678235606138e-02
1.765000000000000000e+03 1.154700627486695413e-02
1.764000000000000000e+03 1.032676731564848883e-02
1.763000000000000000e+03 9.228464820658846893e-03
1.762000000000000000e+03 8.243170099634156145e-03
1.761000000000000000e+03 7.361672116320198793e-03
1.760000000000000000e+03 6.578949803592488293e-03
1.759000000000000000e+03 5.883812138514869262e-03
1.758000000000000000e+03 5.268034328385550955e-03
1.757000000000000000e+03 4.724356349112875629e-03
1.756000000000000000e+03 4.244475945796436119e-03
1.755000000000000000e+03 3.821864948516222500e-03
1.754000000000000000e+03 3.448782251934914399e-03
1.753000000000000000e+03 3.120536892373194579e-03
1.752000000000000000e+03 2.830199929664916052e-03
1.751000000000000000e+03 2.573661719875241106e-03
1.750000000000000000e+03 2.347186333153034911e-03
1.749000000000000000e+03 2.145536661168012671e-03
1.748000000000000000e+03 1.966543568812827419e-03
1.747000000000000000e+03 1.807245201530517393e-03
1.746000000000000000e+03 1.665043968328766512e-03
1.745000000000000000e+03 1.537367291237457531e-03
1.744000000000000000e+03 1.423140448336358962e-03
1.743000000000000000e+03 1.320455540991967262e-03
1.742000000000000000e+03 1.228391266348755236e-03
1.741000000000000000e+03 1.145274829023696208e-03
1.740000000000000000e+03 1.070178397167833098e-03
1.739000000000000000e+03 1.002821603599724550e-03
1.738000000000000000e+03 9.419141278390996252e-04
1.737000000000000000e+03 8.869903038067464057e-04
1.736000000000000000e+03 8.376337722112625530e-04
1.735000000000000000e+03 7.931815513262982075e-04
1.734000000000000000e+03 7.532995757055607235e-04
1.733000000000000000e+03 7.171539883938334633e-04
1.732000000000000000e+03 6.847142414273692029e-04
1.731000000000000000e+03 6.555806840658027091e-04
1.730000000000000000e+03 6.294724994815301990e-04
1.729000000000000000e+03 6.058890286676092739e-04
1.728000000000000000e+03 5.847755661492945976e-04
1.727000000000000000e+03 5.658253048437905620e-04
1.726000000000000000e+03 5.488491305977495367e-04
1.725000000000000000e+03 5.337730057011606539e-04
1.724000000000000000e+03 5.202858258187970228e-04
1.723000000000000000e+03 5.085296338512602932e-04
1.722000000000000000e+03 4.981937525922577924e-04
1.721000000000000000e+03 4.894309452171636621e-04
1.720000000000000000e+03 4.821880564235807992e-04
1.719000000000000000e+03 4.762353329601448984e-04
1.718000000000000000e+03 4.718177993449442658e-04
1.717000000000000000e+03 4.688724321079522361e-04
1.716000000000000000e+03 4.674692497453235220e-04
1.715000000000000000e+03 4.675483691218448824e-04
1.714000000000000000e+03 4.692572823133093368e-04
1.713000000000000000e+03 4.725289982796673717e-04
1.712000000000000000e+03 4.777273574378119352e-04
1.711000000000000000e+03 4.844973442232829814e-04
1.710000000000000000e+03 4.933737042718665949e-04
1.709000000000000000e+03 5.042085347170117927e-04
1.708000000000000000e+03 5.173257949745699085e-04
1.707000000000000000e+03 5.327590304257153863e-04
1.706000000000000000e+03 5.509414049721702688e-04
1.705000000000000000e+03 5.722219976927650281e-04
1.704000000000000000e+03 5.967316818106222593e-04
1.703000000000000000e+03 6.253569714323942499e-04
1.702000000000000000e+03 6.583767129720430713e-04
1.701000000000000000e+03 6.967906640002015850e-04
1.700000000000000000e+03 7.415568162167608321e-04
1.699000000000000000e+03 7.941103601153391310e-04
1.698000000000000000e+03 8.556436749896286506e-04
1.697000000000000000e+03 9.287498471087547594e-04
1.696000000000000000e+03 1.015827195471381665e-03
1.695000000000000000e+03 1.120641889157781602e-03
1.694000000000000000e+03 1.247787426935344484e-03
1.693000000000000000e+03 1.403754014907237883e-03
1.692000000000000000e+03 1.597172475026173996e-03
1.691000000000000000e+03 1.839943882033459859e-03
1.690000000000000000e+03 2.150206468225996596e-03
1.689000000000000000e+03 2.552469551345877725e-03
1.688000000000000000e+03 3.083774652315378860e-03
1.687000000000000000e+03 3.800097718996736824e-03
1.686000000000000000e+03 4.786229782113864475e-03
1.685000000000000000e+03 6.168442579798371316e-03
1.684000000000000000e+03 8.127529773857486428e-03
1.683000000000000000e+03 1.086403111744064197e-02
1.682000000000000000e+03 1.441731617741169071e-02
1.681000000000000000e+03 1.813892261686932128e-02
1.680000000000000000e+03 2.023953280163230325e-02
1.679000000000000000e+03 1.915571021477689012e-02
1.678000000000000000e+03 1.578198577038270045e-02
1.677000000000000000e+03 1.209566172218628534e-02
1.676000000000000000e+03 9.121817129312349837e-03
1.675000000000000000e+03 6.981860241032505909e-03
1.674000000000000000e+03 5.533538535807582502e-03
1.673000000000000000e+03 4.615243834638916784e-03
1.672000000000000000e+03 3.808708223485834932e-03
1.671000000000000000e+03 3.052482758475967388e-03
1.670000000000000000e+03 2.522053600361504663e-03
1.669000000000000000e+03 2.142381082011108467e-03
1.668000000000000000e+03 1.857525258313810507e-03
1.667000000000000000e+03 1.636866466838479391e-03
1.666000000000000000e+03 1.461948342127957498e-03
1.665000000000000000e+03 1.321188400247041940e-03
1.664000000000000000e+03 1.207029737171435961e-03
1.663000000000000000e+03 1.112728756806628328e-03
1.662000000000000000e+03 1.035339308259146862e-03
1.661000000000000000e+03 9.710275765575476477e-04
1.660000000000000000e+03 9.178139824373333791e-04
1.659000000000000000e+03 8.739460138023436107e-04
1.658000000000000000e+03 8.381883667788634848e-04
1.657000000000000000e+03 8.091661418980416543e-04
1.656000000000000000e+03 7.864436512043860477e-04
1.655000000000000000e+03 7.694403488745732520e-04
1.654000000000000000e+03 7.576493475807816440e-04
1.653000000000000000e+03 7.507453870865409169e-04
1.652000000000000000e+03 7.488019528727676713e-04
1.651000000000000000e+03 7.514962393995884126e-04
1.650000000000000000e+03 7.589382720397261578e-04
1.649000000000000000e+03 7.712597125521720477e-04
1.648000000000000000e+03 7.888520643648914976e-04
1.647000000000000000e+03 8.119687961406663480e-04
1.646000000000000000e+03 8.408957925527728999e-04
1.645000000000000000e+03 8.768190648613150310e-04
1.644000000000000000e+03 9.201029920649526558e-04
1.643000000000000000e+03 9.722646785152398979e-04
1.642000000000000000e+03 1.034463343332500890e-03
1.641000000000000000e+03 1.108730845958229294e-03
1.640000000000000000e+03 1.197345038955010274e-03
1.639000000000000000e+03 1.303871667852887425e-03
1.638000000000000000e+03 1.431357281268296052e-03
1.637000000000000000e+03 1.585944563952780247e-03
1.636000000000000000e+03 1.773407599794193327e-03
1.635000000000000000e+03 2.003250163900846276e-03
1.634000000000000000e+03 2.285879691951321971e-03
1.633000000000000000e+03 2.635434213136709104e-03
1.632000000000000000e+03 3.071194670757164402e-03
1.631000000000000000e+03 3.612256664757433015e-03
1.630000000000000000e+03 4.282921227842004241e-03
1.629000000000000000e+03 5.100140958087233216e-03
1.628000000000000000e+03 6.063996463021493859e-03
1.627000000000000000e+03 7.131094216054445316e-03
1.626000000000000000e+03 8.188550062318561071e-03
1.625000000000000000e+03 9.049165602178417880e-03
1.624000000000000000e+03 9.505810170597359110e-03
1.623000000000000000e+03 9.447984322385565709e-03
1.622000000000000000e+03 8.928517276385491280e-03
1.621000000000000000e+03 8.092957343731768324e-03
1.620000000000000000e+03 7.106781475015928884e-03
1.619000000000000000e+03 6.131884121477497972e-03
1.618000000000000000e+03 5.267852181447191424e-03
1.617000000000000000e+03 4.546516240248549799e-03
1.616000000000000000e+03 3.956036091657604697e-03
1.615000000000000000e+03 3.479944913346022083e-03
1.614000000000000000e+03 3.095013570369937669e-03
1.613000000000000000e+03 2.784507929966646526e-03
1.612000000000000000e+03 2.532799912903142912e-03
1.611000000000000000e+03 2.328617119884672775e-03
1.610000000000000000e+03 2.163550370885553367e-03
1.609000000000000000e+03 2.029584970257444776e-03
1.608000000000000000e+03 1.922171067704560570e-03
1.607000000000000000e+03 1.836069096711159766e-03
1.606000000000000000e+03 1.769486211712531639e-03
1.605000000000000000e+03 1.718622890075966001e-03
1.604000000000000000e+03 1.682385805708350732e-03
1.603000000000000000e+03 1.658989521285045765e-03
1.602000000000000000e+03 1.647317166235448289e-03
1.601000000000000000e+03 1.647433140056732718e-03
1.600000000000000000e+03 1.657991703710879217e-03
1.599000000000000000e+03 1.679454909507642523e-03
1.598000000000000000e+03 1.710884913753461323e-03
1.597000000000000000e+03 1.754060217833690533e-03
1.596000000000000000e+03 1.807630214075283716e-03
1.595000000000000000e+03 1.872787471520389680e-03
1.594000000000000000e+03 1.949487907193919777e-03
1.593000000000000000e+03 2.037473202121432153e-03
1.592000000000000000e+03 2.136922427790453535e-03
1.591000000000000000e+03 2.246857859494905477e-03
1.590000000000000000e+03 2.366009255606974469e-03
1.589000000000000000e+03 2.491619172228890910e-03
1.588000000000000000e+03 2.620874721041090150e-03
1.587000000000000000e+03 2.748535397618808839e-03
1.586000000000000000e+03 2.867718546164923620e-03
1.585000000000000000e+03 2.974755003456256049e-03
1.584000000000000000e+03 3.060288163048775854e-03
1.583000000000000000e+03 3.120643595741067356e-03
1.582000000000000000e+03 3.151189808833731749e-03
1.581000000000000000e+03 3.149743170326676795e-03
1.580000000000000000e+03 3.118564770185680308e-03
1.579000000000000000e+03 3.059623736470711269e-03
1.578000000000000000e+03 2.979320991143142097e-03
1.577000000000000000e+03 2.882486851684967419e-03
1.576000000000000000e+03 2.777622028261924041e-03
1.575000000000000000e+03 2.667706078454545101e-03
1.574000000000000000e+03 2.559267759695452431e-03
1.573000000000000000e+03 2.456189844304437243e-03
1.572000000000000000e+03 2.360221940703622658e-03
1.571000000000000000e+03 2.273950331557382954e-03
1.570000000000000000e+03 2.198169229838475760e-03
1.569000000000000000e+03 2.133635812423909008e-03
1.568000000000000000e+03 2.080313888803880622e-03
1.567000000000000000e+03 2.038081580229937195e-03
1.566000000000000000e+03 2.008428013315035742e-03
1.565000000000000000e+03 1.989214001819809060e-03
1.564000000000000000e+03 1.982379895194123082e-03
1.563000000000000000e+03 1.986121963660523754e-03
1.562000000000000000e+03 2.001888309711337150e-03
1.561000000000000000e+03 2.030486290479001279e-03
1.560000000000000000e+03 2.070416859070699396e-03
1.559000000000000000e+03 2.124904329750684166e-03
1.558000000000000000e+03 2.191564982048980342e-03
1.557000000000000000e+03 2.273017438044387661e-03
1.556000000000000000e+03 2.368927599285352951e-03
1.555000000000000000e+03 2.478348796795354532e-03
1.554000000000000000e+03 2.601419083314419813e-03
1.553000000000000000e+03 2.734700842376583917e-03
1.552000000000000000e+03 2.876581962321845490e-03
1.551000000000000000e+03 3.022901324506861200e-03
1.550000000000000000e+03 3.166596639884903999e-03
1.549000000000000000e+03 3.303683186961315753e-03
1.548000000000000000e+03 3.424981711308095009e-03
1.547000000000000000e+03 3.522387802497496060e-03
1.546000000000000000e+03 3.587862546366911605e-03
1.545000000000000000e+03 3.612443353884295470e-03
1.544000000000000000e+03 3.594552964490315729e-03
1.543000000000000000e+03 3.532620683546391135e-03
1.542000000000000000e+03 3.432081653764976637e-03
1.541000000000000000e+03 3.300346375980892262e-03
1.540000000000000000e+03 3.145733561000667745e-03
1.539000000000000000e+03 2.981521422342903703e-03
1.538000000000000000e+03 2.812878416250237396e-03
1.537000000000000000e+03 2.649247838558358575e-03
1.536000000000000000e+03 2.495288504830728022e-03
1.535000000000000000e+03 2.353825360024960726e-03
1.534000000000000000e+03 2.227498670491089364e-03
1.533000000000000000e+03 2.116041712300439914e-03
1.532000000000000000e+03 2.020040852227393980e-03
1.531000000000000000e+03 1.939470712642820185e-03
1.530000000000000000e+03 1.872840935862157483e-03
1.529000000000000000e+03 1.820696334485210049e-03
1.528000000000000000e+03 1.781407141260475582e-03
1.527000000000000000e+03 1.754649906516550029e-03
1.526000000000000000e+03 1.741170638497455863e-03
1.525000000000000000e+03 1.739272984879914859e-03
1.524000000000000000e+03 1.750049617456066143e-03
1.523000000000000000e+03 1.773840475354878992e-03
1.522000000000000000e+03 1.810189257374323268e-03
1.521000000000000000e+03 1.859750098505707572e-03
1.520000000000000000e+03 1.922944779315660614e-03
1.519000000000000000e+03 1.998982732357247605e-03
1.518000000000000000e+03 2.088494399507452495e-03
1.517000000000000000e+03 2.190199846888233031e-03
1.516000000000000000e+03 2.305323610141464877e-03
1.515000000000000000e+03 2.434726812758567383e-03
1.514000000000000000e+03 2.576206861442214592e-03
1.513000000000000000e+03 2.729801522860929915e-03
1.512000000000000000e+03 2.888555183087103320e-03
1.511000000000000000e+03 3.042238096312396920e-03
1.510000000000000000e+03 3.180324343752157813e-03
1.509000000000000000e+03 3.285251114705870553e-03
1.508000000000000000e+03 3.342869314162062733e-03
1.507000000000000000e+03 3.343977668327406585e-03
1.506000000000000000e+03 3.280344946969517700e-03
1.505000000000000000e+03 3.160572390808107177e-03
1.504000000000000000e+03 2.994891046448646104e-03
1.503000000000000000e+03 2.798028156590597407e-03
1.502000000000000000e+03 2.587196559631798742e-03
1.501000000000000000e+03 2.376083071806157129e-03
1.500000000000000000e+03 2.173586166054467840e-03
1.499000000000000000e+03 1.987916625195999300e-03
1.498000000000000000e+03 1.819869075954919438e-03
1.497000000000000000e+03 1.671323756254156686e-03
1.496000000000000000e+03 1.542616353395965612e-03
1.495000000000000000e+03 1.431069265687362176e-03
1.494000000000000000e+03 1.335778662123820754e-03
1.493000000000000000e+03 1.255364989382953085e-03
1.492000000000000000e+03 1.187438489807577388e-03
1.491000000000000000e+03 1.130966266220051605e-03
1.490000000000000000e+03 1.085381699053509586e-03
1.489000000000000000e+03 1.048331507539943235e-03
1.488000000000000000e+03 1.020192972323403060e-03
1.487000000000000000e+03 1.000149699361229825e-03
1.486000000000000000e+03 9.873494684324835534e-04
1.485000000000000000e+03 9.822872580085185035e-04
1.484000000000000000e+03 9.848575743473194938e-04
1.483000000000000000e+03 9.945191402171232008e-04
1.482000000000000000e+03 1.012829165554980128e-03
1.481000000000000000e+03 1.039869034004143374e-03
1.480000000000000000e+03 1.075909248231741262e-03
1.479000000000000000e+03 1.123511097510772241e-03
1.478000000000000000e+03 1.182893604770372635e-03
1.477000000000000000e+03 1.256212256134517065e-03
1.476000000000000000e+03 1.346688895089174619e-03
1.475000000000000000e+03 1.455775561137869541e-03
1.474000000000000000e+03 1.585792721040295544e-03
1.473000000000000000e+03 1.741054087435432935e-03
1.472000000000000000e+03 1.920292721032008281e-03
1.471000000000000000e+03 2.124490469323634789e-03
1.470000000000000000e+03 2.357733509090631074e-03
1.469000000000000000e+03 2.624358606001143610e-03
1.468000000000000000e+03 2.931318271630830707e-03
1.467000000000000000e+03 3.286834026079839006e-03
1.466000000000000000e+03 3.688313434689499595e-03
1.465000000000000000e+03 4.125695899892493392e-03
1.464000000000000000e+03 4.581310430041691389e-03
1.463000000000000000e+03 5.021886264676961482e-03
1.462000000000000000e+03 5.400370203250130091e-03
1.461000000000000000e+03 5.679453742523773475e-03
1.460000000000000000e+03 5.821484545341321613e-03
1.459000000000000000e+03 5.815680745449506965e-03
1.458000000000000000e+03 5.678125785461917742e-03
1.457000000000000000e+03 5.443218949159985519e-03
1.456000000000000000e+03 5.145805853394821647e-03
1.455000000000000000e+03 4.825146191929268261e-03
1.454000000000000000e+03 4.509043144654586825e-03
1.453000000000000000e+03 4.212180502351644922e-03
1.452000000000000000e+03 3.947800157875598452e-03
1.451000000000000000e+03 3.723241519455041011e-03
1.450000000000000000e+03 3.535422848112929582e-03
1.449000000000000000e+03 3.387247737356802266e-03
1.448000000000000000e+03 3.277692069752228318e-03
1.447000000000000000e+03 3.200340905366233241e-03
1.446000000000000000e+03 3.151238110656573964e-03
1.445000000000000000e+03 3.134938131761039453e-03
1.444000000000000000e+03 3.155480905355165407e-03
1.443000000000000000e+03 3.216724891138605848e-03
1.442000000000000000e+03 3.327059202526091216e-03
1.441000000000000000e+03 3.491950713454658375e-03
1.440000000000000000e+03 3.712903060800429398e-03
1.439000000000000000e+03 3.999320445675799002e-03
1.438000000000000000e+03 4.358790017946912593e-03
1.437000000000000000e+03 4.792728604908494394e-03
1.436000000000000000e+03 5.294919304253930571e-03
1.435000000000000000e+03 5.847286875133611561e-03
1.434000000000000000e+03 6.402730317152728265e-03
1.433000000000000000e+03 6.875516766791581538e-03
1.432000000000000000e+03 7.171381681435760359e-03
1.431000000000000000e+03 7.199361386184029675e-03
1.430000000000000000e+03 6.927574743661984134e-03
1.429000000000000000e+03 6.411584357712523351e-03
1.428000000000000000e+03 5.757148901912879577e-03
1.427000000000000000e+03 5.066635646670094965e-03
1.426000000000000000e+03 4.412963204648086453e-03
1.425000000000000000e+03 3.838789830703062331e-03
1.424000000000000000e+03 3.353608379135129651e-03
1.423000000000000000e+03 2.950634186594220700e-03
1.422000000000000000e+03 2.621337125349273121e-03
1.421000000000000000e+03 2.356347173037398601e-03
1.420000000000000000e+03 2.143415404560867522e-03
1.419000000000000000e+03 1.971624813309542056e-03
1.418000000000000000e+03 1.836402928311900440e-03
1.417000000000000000e+03 1.732002994186667951e-03
1.416000000000000000e+03 1.652430249402073734e-03
1.415000000000000000e+03 1.595062709350614227e-03
1.414000000000000000e+03 1.559079658614137293e-03
1.413000000000000000e+03 1.542557806247867687e-03
1.412000000000000000e+03 1.542928894317318386e-03
1.411000000000000000e+03 1.561886047095108155e-03
1.410000000000000000e+03 1.600905151301278704e-03
1.409000000000000000e+03 1.660144530402366458e-03
1.408000000000000000e+03 1.740698185079505916e-03
1.407000000000000000e+03 1.847744560602036920e-03
1.406000000000000000e+03 1.985029688377827964e-03
1.405000000000000000e+03 2.156371899532725026e-03
1.404000000000000000e+03 2.369231916582855476e-03
1.403000000000000000e+03 2.633689369345623785e-03
1.402000000000000000e+03 2.958779006359691342e-03
1.401000000000000000e+03 3.351324939520896121e-03
1.400000000000000000e+03 3.820278456676495533e-03
1.399000000000000000e+03 4.369019199304278837e-03
1.398000000000000000e+03 4.976030926437891889e-03
1.397000000000000000e+03 5.583859831756628027e-03
1.396000000000000000e+03 6.103933023043747221e-03
1.395000000000000000e+03 6.416030520850102281e-03
1.394000000000000000e+03 6.414436709423930981e-03
1.393000000000000000e+03 6.075525757101309619e-03
1.392000000000000000e+03 5.486165209486406832e-03
1.391000000000000000e+03 4.779961392066161760e-03
1.390000000000000000e+03 4.066573740427724751e-03
1.389000000000000000e+03 3.416495423814317704e-03
1.388000000000000000e+03 2.859935929206758060e-03
1.387000000000000000e+03 2.400913013966261486e-03
1.386000000000000000e+03 2.025535540049705225e-03
1.385000000000000000e+03 1.721183589851075797e-03
1.384000000000000000e+03 1.475110378236791676e-03
1.383000000000000000e+03 1.276431139677029021e-03
1.382000000000000000e+03 1.114560275976248047e-03
1.381000000000000000e+03 9.818729886546676347e-04
1.380000000000000000e+03 8.732639649084738588e-04
1.379000000000000000e+03 7.839789065384679444e-04
1.378000000000000000e+03 7.102026199837272813e-04
1.377000000000000000e+03 6.488650155173857591e-04
1.376000000000000000e+03 5.978799778697808627e-04
1.375000000000000000e+03 5.558333990429472748e-04
1.374000000000000000e+03 5.211338513051759968e-04
1.373000000000000000e+03 4.925221104652945841e-04
1.372000000000000000e+03 4.692771318413919025e-04
1.371000000000000000e+03 4.509081301958944572e-04
1.370000000000000000e+03 4.371712690415674321e-04
1.369000000000000000e+03 4.273756557429145243e-04
1.368000000000000000e+03 4.215451053732646421e-04
1.367000000000000000e+03 4.198709004714206577e-04
1.366000000000000000e+03 4.224427332613148178e-04
1.365000000000000000e+03 4.296086510617397824e-04
1.364000000000000000e+03 4.419407481059543417e-04
1.363000000000000000e+03 4.602516979661564508e-04
1.362000000000000000e+03 4.858734246837731214e-04
1.361000000000000000e+03 5.202298044576990051e-04
1.360000000000000000e+03 5.639404395523220283e-04
1.359000000000000000e+03 6.154205307817369082e-04
1.358000000000000000e+03 6.687514077731304555e-04
1.357000000000000000e+03 7.170043589453684724e-04
1.356000000000000000e+03 7.585784640267092963e-04
1.355000000000000000e+03 7.990633283468780374e-04
1.354000000000000000e+03 8.443469026032600876e-04
1.353000000000000000e+03 8.974144353929594487e-04
1.352000000000000000e+03 9.582193327048333644e-04
1.351000000000000000e+03 1.024681772469535328e-03
1.350000000000000000e+03 1.094673027270237934e-03
1.349000000000000000e+03 1.164508158277997559e-03
1.348000000000000000e+03 1.231466825429057858e-03
1.347000000000000000e+03 1.292150248527872483e-03
1.346000000000000000e+03 1.344743149535312541e-03
1.345000000000000000e+03 1.388394342888008177e-03
1.344000000000000000e+03 1.423034737811965274e-03
1.343000000000000000e+03 1.450400575226313757e-03
1.342000000000000000e+03 1.473214167576641616e-03
1.341000000000000000e+03 1.493368582882201616e-03
1.340000000000000000e+03 1.513981645780541419e-03
1.339000000000000000e+03 1.536889583395491688e-03
1.338000000000000000e+03 1.563755367029762491e-03
1.337000000000000000e+03 1.596282870001552220e-03
1.336000000000000000e+03 1.634647272389192722e-03
1.335000000000000000e+03 1.677701133001454660e-03
1.334000000000000000e+03 1.724439411914949769e-03
1.333000000000000000e+03 1.771539009887823125e-03
1.332000000000000000e+03 1.814820589676366305e-03
1.331000000000000000e+03 1.848488960760601846e-03
1.330000000000000000e+03 1.866079351714641657e-03
1.329000000000000000e+03 1.863556425775937013e-03
1.328000000000000000e+03 1.836504083887020898e-03
1.327000000000000000e+03 1.784556699379229736e-03
1.326000000000000000e+03 1.710257289201683401e-03
1.325000000000000000e+03 1.619160949893938811e-03
1.324000000000000000e+03 1.516751084759514288e-03
1.323000000000000000e+03 1.407396900978490377e-03
1.322000000000000000e+03 1.292699159529116931e-03
1.321000000000000000e+03 1.172562412004246948e-03
1.320000000000000000e+03 1.045870971166562927e-03
1.319000000000000000e+03 9.121868563948515697e-04
1.318000000000000000e+03 7.742848201370557907e-04
1.317000000000000000e+03 6.383684361578735415e-04
1.316000000000000000e+03 5.119221555378116297e-04
1.315000000000000000e+03 4.020257552607360324e-04
1.314000000000000000e+03 3.129751569304624445e-04
1.313000000000000000e+03 2.450429651982617587e-04
1.312000000000000000e+03 1.955577178820834072e-04
1.311000000000000000e+03 1.601509378080169966e-04
1.310000000000000000e+03 1.345416652380879347e-04
1.309000000000000000e+03 1.151785670306125823e-04
1.308000000000000000e+03 9.984821719931732563e-05
1.307000000000000000e+03 8.728965217455619146e-05
1.306000000000000000e+03 7.698701632241360842e-05
1.305000000000000000e+03 6.890519189730448914e-05
1.304000000000000000e+03 6.306491752572232837e-05
1.303000000000000000e+03 5.954989054046391707e-05
1.302000000000000000e+03 5.825613486348621580e-05
1.301000000000000000e+03 5.895301601972053294e-05
1.300000000000000000e+03 6.122884329224258574e-05
1.299000000000000000e+03 6.455166667434102969e-05
1.298000000000000000e+03 6.835441462885210239e-05
1.297000000000000000e+03 7.206188997656374487e-05
1.296000000000000000e+03 7.521838752690872612e-05
1.295000000000000000e+03 7.743193282840749297e-05
1.294000000000000000e+03 7.848004800657792782e-05
1.293000000000000000e+03 7.829088435232041594e-05
1.292000000000000000e+03 7.689797349815892188e-05
1.291000000000000000e+03 7.450052745375041667e-05
1.290000000000000000e+03 7.140120150417462303e-05
1.289000000000000000e+03 6.791635115568400358e-05
1.288000000000000000e+03 6.446231033651001006e-05
1.287000000000000000e+03 6.139566134019535271e-05
1.286000000000000000e+03 5.907347016762355875e-05
1.285000000000000000e+03 5.773649224541929566e-05
1.284000000000000000e+03 5.753079181789879184e-05
1.283000000000000000e+03 5.846667671656479592e-05
1.282000000000000000e+03 6.045719651286329463e-05
1.281000000000000000e+03 6.330064272077892218e-05
1.280000000000000000e+03 6.674695992877833952e-05
1.279000000000000000e+03 7.047759970927655181e-05
1.278000000000000000e+03 7.415577776739109737e-05
1.277000000000000000e+03 7.748427259757678697e-05
1.276000000000000000e+03 8.017499976968887930e-05
1.275000000000000000e+03 8.204545913828537951e-05
1.274000000000000000e+03 8.294652298672607115e-05
1.273000000000000000e+03 8.285635445462323945e-05
1.272000000000000000e+03 8.191029930183314821e-05
1.271000000000000000e+03 8.030152773334170229e-05
1.270000000000000000e+03 7.835307638046918319e-05
1.269000000000000000e+03 7.643286536345740827e-05
1.268000000000000000e+03 7.491043389625938898e-05
1.267000000000000000e+03 7.407245666220063998e-05
1.266000000000000000e+03 7.411790067207437935e-05
1.265000000000000000e+03 7.513930122999345020e-05
1.264000000000000000e+03 7.707576820868819369e-05
1.263000000000000000e+03 7.974261626402526703e-05
1.262000000000000000e+03 8.291401733242493687e-05
1.261000000000000000e+03 8.629956384380284642e-05
1.260000000000000000e+03 8.955064289144715813e-05
1.259000000000000000e+03 9.238125314438804230e-05
1.258000000000000000e+03 9.449811430029683647e-05
1.257000000000000000e+03 9.575417414274646564e-05
1.256000000000000000e+03 9.607867393720049046e-05
1.255000000000000000e+03 9.548160516730490191e-05
1.254000000000000000e+03 9.412360742634351082e-05
1.253000000000000000e+03 9.224941906806877049e-05
1.252000000000000000e+03 9.016383895053428448e-05
1.251000000000000000e+03 8.815938397393189479e-05
1.250000000000000000e+03 8.659232069489751786e-05
1.249000000000000000e+03 8.564904398488938598e-05
1.248000000000000000e+03 8.553260427942427618e-05
1.247000000000000000e+03 8.625837817744240509e-05
1.246000000000000000e+03 8.773957766085860852e-05
1.245000000000000000e+03 8.979926960779065410e-05
1.244000000000000000e+03 9.215022836924615182e-05
1.243000000000000000e+03 9.449305483001825675e-05
1.242000000000000000e+03 9.649811760404912214e-05
1.241000000000000000e+03 9.786817745498089106e-05
1.240000000000000000e+03 9.841880717630075272e-05
1.239000000000000000e+03 9.801052003397366574e-05
1.238000000000000000e+03 9.664948573174089654e-05
1.237000000000000000e+03 9.435170735658921469e-05
1.236000000000000000e+03 9.128464952479040009e-05
1.235000000000000000e+03 8.761535930176944241e-05
1.234000000000000000e+03 8.360536071281689870e-05
1.233000000000000000e+03 7.945031780458442687e-05
1.232000000000000000e+03 7.538605464147472119e-05
1.231000000000000000e+03 7.158831453970848104e-05
1.230000000000000000e+03 6.822612243470745335e-05
1.229000000000000000e+03 6.533753801299652770e-05
1.228000000000000000e+03 6.299608724060031439e-05
1.227000000000000000e+03 6.114260575877783336e-05
1.226000000000000000e+03 5.972285553036371745e-05
1.225000000000000000e+03 5.863133446547364271e-05
1.224000000000000000e+03 5.776774844243516170e-05
1.223000000000000000e+03 5.701211839601932278e-05
1.222000000000000000e+03 5.626230328471033164e-05
1.221000000000000000e+03 5.544370758204879133e-05
1.220000000000000000e+03 5.451242831448172379e-05
1.219000000000000000e+03 5.345633054162631464e-05
1.218000000000000000e+03 5.230406563798829615e-05
1.217000000000000000e+03 5.110379247954199237e-05
1.216000000000000000e+03 4.991646890500574702e-05
1.215000000000000000e+03 4.882596464836258711e-05
1.214000000000000000e+03 4.789256304100684530e-05
1.213000000000000000e+03 4.715232902277582673e-05
1.212000000000000000e+03 4.662793779004077835e-05
1.211000000000000000e+03 4.630947850305414218e-05
1.210000000000000000e+03 4.616568604853421456e-05
1.209000000000000000e+03 4.611837067866128304e-05
1.208000000000000000e+03 4.612154082956413775e-05
1.207000000000000000e+03 4.608283702443844538e-05
1.206000000000000000e+03 4.597072182819545046e-05
1.205000000000000000e+03 4.573385056920455750e-05
1.204000000000000000e+03 4.537263712839031439e-05
1.203000000000000000e+03 4.487431789743169709e-05
1.202000000000000000e+03 4.429292781679161921e-05
1.201000000000000000e+03 4.366172461995150637e-05
1.200000000000000000e+03 4.306173806233601283e-05
1.199000000000000000e+03 4.255699075071875387e-05
1.198000000000000000e+03 4.222001978140486596e-05
1.197000000000000000e+03 4.210707007392628450e-05
1.196000000000000000e+03 4.227113261659503534e-05
1.195000000000000000e+03 4.274883593108995124e-05
1.194000000000000000e+03 4.353316426283143691e-05
1.193000000000000000e+03 4.459032387190266998e-05
1.192000000000000000e+03 4.588499809508779650e-05
1.191000000000000000e+03 4.732324973597899477e-05
1.190000000000000000e+03 4.881762015047002917e-05
1.189000000000000000e+03 5.026556859038333418e-05
1.188000000000000000e+03 5.156779469284330613e-05
1.187000000000000000e+03 5.260405880792722348e-05
1.186000000000000000e+03 5.328912721020799537e-05
1.185000000000000000e+03 5.357985107752479659e-05
1.184000000000000000e+03 5.343192398279745012e-05
1.183000000000000000e+03 5.286323988412201179e-05
1.182000000000000000e+03 5.193324681076023029e-05
1.181000000000000000e+03 5.075658158951051223e-05
1.180000000000000000e+03 4.946984034172270455e-05
1.179000000000000000e+03 4.823832361841655066e-05
1.178000000000000000e+03 4.718272925617415504e-05
1.177000000000000000e+03 4.640748071105488346e-05
1.176000000000000000e+03 4.599010622006609360e-05
1.175000000000000000e+03 4.592049193481382836e-05
1.174000000000000000e+03 4.616134115088433041e-05
1.173000000000000000e+03 4.662545574969599989e-05
1.172000000000000000e+03 4.717484036605282044e-05
1.171000000000000000e+03 4.770066499654630765e-05
1.170000000000000000e+03 4.806592276046037638e-05
1.169000000000000000e+03 4.816180613529223584e-05
1.168000000000000000e+03 4.795901078265843659e-05
1.167000000000000000e+03 4.744902377616311219e-05
1.166000000000000000e+03 4.663415309411130281e-05
1.165000000000000000e+03 4.555821717609388082e-05
1.164000000000000000e+03 4.427711623453013526e-05
1.163000000000000000e+03 4.284208978470986650e-05
1.162000000000000000e+03 4.132287050305160188e-05
1.161000000000000000e+03 3.980585354479327130e-05
1.160000000000000000e+03 3.832046528914732518e-05
1.159000000000000000e+03 3.694446229808935383e-05
1.158000000000000000e+03 3.570341000570807549e-05
1.157000000000000000e+03 3.460536464625931890e-05
1.156000000000000000e+03 3.366377070895147839e-05
1.155000000000000000e+03 3.284849003199232767e-05
1.154000000000000000e+03 3.215829239974719585e-05
1.153000000000000000e+03 3.155550970430265518e-05
1.152000000000000000e+03 3.102453531113247076e-05
1.151000000000000000e+03 3.053947146089506376e-05
1.150000000000000000e+03 3.010682501120495454e-05
1.149000000000000000e+03 2.972181846637897656e-05
1.148000000000000000e+03 2.941799859828467636e-05
1.147000000000000000e+03 2.920526631414226015e-05
1.146000000000000000e+03 2.912703495700181904e-05
1.145000000000000000e+03 2.919437610335060365e-05
1.144000000000000000e+03 2.941833192852750229e-05
1.143000000000000000e+03 2.979368957788609606e-05
1.142000000000000000e+03 3.029186682192380490e-05
1.141000000000000000e+03 3.087480164044244555e-05
1.140000000000000000e+03 3.147862115837914669e-05
1.139000000000000000e+03 3.204262033467386968e-05
1.138000000000000000e+03 3.250216228555120304e-05
1.137000000000000000e+03 3.278719202306392268e-05
1.136000000000000000e+03 3.287921618561104699e-05
1.135000000000000000e+03 3.276636142847671063e-05
1.134000000000000000e+03 3.247261256850133215e-05
1.133000000000000000e+03 3.204180769659884675e-05
1.132000000000000000e+03 3.156672687573586650e-05
1.131000000000000000e+03 3.113667321245446642e-05
1.130000000000000000e+03 3.086183679023038419e-05
1.129000000000000000e+03 3.086133821105116020e-05
1.128000000000000000e+03 3.124368494099892329e-05
1.127000000000000000e+03 3.209154379927092802e-05
1.126000000000000000e+03 3.345757180862283928e-05
1.125000000000000000e+03 3.535224097818594945e-05
1.124000000000000000e+03 3.774342348428905277e-05
1.123000000000000000e+03 4.053383319874187985e-05
1.122000000000000000e+03 4.360172666326678860e-05
1.121000000000000000e+03 4.677636125962849516e-05
1.120000000000000000e+03 4.987106894358547745e-05
1.119000000000000000e+03 5.270395304513373079e-05
1.118000000000000000e+03 5.514324992969834666e-05
1.117000000000000000e+03 5.706928943955286306e-05
1.116000000000000000e+03 5.847512688344205171e-05
1.115000000000000000e+03 5.941234474449559139e-05
1.114000000000000000e+03 5.999248983650322511e-05
1.113000000000000000e+03 6.039450939138307648e-05
1.112000000000000000e+03 6.079611897569472587e-05
1.111000000000000000e+03 6.138173795200550667e-05
1.110000000000000000e+03 6.227647917711757932e-05
1.109000000000000000e+03 6.356619733206446063e-05
1.108000000000000000e+03 6.523395528774977338e-05
1.107000000000000000e+03 6.718772848450594638e-05
1.106000000000000000e+03 6.925638583383604736e-05
1.105000000000000000e+03 7.126883174718732844e-05
1.104000000000000000e+03 7.303805369873557691e-05
1.103000000000000000e+03 7.443052931783548400e-05
1.102000000000000000e+03 7.535307694277639109e-05
1.101000000000000000e+03 7.579951606345849751e-05
1.100000000000000000e+03 7.576318589476679671e-05
1.099000000000000000e+03 7.532274827566760552e-05
1.098000000000000000e+03 7.463073851029203190e-05
1.097000000000000000e+03 7.381444429187588110e-05
1.096000000000000000e+03 7.304304900659665787e-05
1.095000000000000000e+03 7.244664164573061122e-05
1.094000000000000000e+03 7.213816041402945102e-05
1.093000000000000000e+03 7.213822486489311018e-05
1.092000000000000000e+03 7.241884257797217954e-05
1.091000000000000000e+03 7.293788172898951392e-05
1.090000000000000000e+03 7.356843599349531927e-05
1.089000000000000000e+03 7.417779648102825797e-05
1.088000000000000000e+03 7.464152364589130256e-05
1.087000000000000000e+03 7.491960279187867360e-05
1.086000000000000000e+03 7.503364165592512789e-05
1.085000000000000000e+03 7.509415764326485266e-05
1.084000000000000000e+03 7.524788531086978622e-05
1.083000000000000000e+03 7.568771598528330484e-05
1.082000000000000000e+03 7.663438872496699519e-05
1.081000000000000000e+03 7.827950502193734212e-05
1.080000000000000000e+03 8.073403824892277686e-05
1.079000000000000000e+03 8.400769901818389593e-05
1.078000000000000000e+03 8.808036382957333153e-05
1.077000000000000000e+03 9.276742967869647369e-05
1.076000000000000000e+03 9.789969877014922527e-05
1.075000000000000000e+03 1.031644863558403433e-04
1.074000000000000000e+03 1.082749335782964161e-04
1.073000000000000000e+03 1.129300215526888782e-04
1.072000000000000000e+03 1.169473712558132997e-04
1.071000000000000000e+03 1.201327089083564092e-04
1.070000000000000000e+03 1.223764726625087100e-04
1.069000000000000000e+03 1.238257588220483159e-04
1.068000000000000000e+03 1.247591958662208416e-04
1.067000000000000000e+03 1.256779126589096108e-04
1.066000000000000000e+03 1.271754368757265277e-04
1.065000000000000000e+03 1.297986414536998149e-04
1.064000000000000000e+03 1.340366409514274603e-04
1.063000000000000000e+03 1.400247855416899775e-04
1.062000000000000000e+03 1.474976710052950703e-04
1.061000000000000000e+03 1.558251621710260448e-04
1.060000000000000000e+03 1.640771681191601893e-04
1.059000000000000000e+03 1.710827116062105615e-04
1.058000000000000000e+03 1.757897365697805173e-04
1.057000000000000000e+03 1.773909007278751332e-04
1.056000000000000000e+03 1.756960459237821989e-04
1.055000000000000000e+03 1.708385200146462048e-04
1.054000000000000000e+03 1.634676726007273505e-04
1.053000000000000000e+03 1.544435556781362749e-04
1.052000000000000000e+03 1.448861218629268082e-04
1.051000000000000000e+03 1.356647488280104442e-04
1.050000000000000000e+03 1.276452435422559034e-04
1.049000000000000000e+03 1.212937040471128108e-04
1.048000000000000000e+03 1.167519788321549993e-04
1.047000000000000000e+03 1.138535248513991539e-04
1.046000000000000000e+03 1.122784137706832688e-04
1.045000000000000000e+03 1.114408762764658347e-04
1.044000000000000000e+03 1.107842240367839452e-04
1.043000000000000000e+03 1.097937641221897955e-04
1.042000000000000000e+03 1.081397075327042347e-04
1.041000000000000000e+03 1.055853957445949715e-04
1.040000000000000000e+03 1.021833409717415038e-04
1.039000000000000000e+03 9.810612345337561358e-05
1.038000000000000000e+03 9.369495167428214559e-05
1.037000000000000000e+03 8.928590223179920971e-05
1.036000000000000000e+03 8.515829792630377174e-05
1.035000000000000000e+03 8.152975036069961222e-05
1.034000000000000000e+03 7.841517019802194983e-05
1.033000000000000000e+03 7.578477170550886695e-05
1.032000000000000000e+03 7.350059823055470445e-05
1.031000000000000000e+03 7.140700087490301721e-05
1.030000000000000000e+03 6.939814635250069060e-05
1.029000000000000000e+03 6.740090954261553850e-05
1.028000000000000000e+03 6.538931621081014740e-05
1.027000000000000000e+03 6.343548362491342350e-05
1.026000000000000000e+03 6.157655648261673614e-05
1.025000000000000000e+03 5.994754508916191828e-05
1.024000000000000000e+03 5.861657404325399431e-05
1.023000000000000000e+03 5.766276037468117207e-05
1.022000000000000000e+03 5.712281106787001729e-05
1.021000000000000000e+03 5.693300235761237452e-05
1.020000000000000000e+03 5.693474787150041970e-05
1.019000000000000000e+03 5.691066779943197940e-05
1.018000000000000000e+03 5.658815575515547148e-05
1.017000000000000000e+03 5.574351431869966071e-05
1.016000000000000000e+03 5.421846844907351950e-05
1.015000000000000000e+03 5.199130699981345343e-05
1.014000000000000000e+03 4.924289076511324852e-05
1.013000000000000000e+03 4.624445914126040492e-05
1.012000000000000000e+03 4.333498528405326791e-05
1.011000000000000000e+03 4.079180726443525356e-05
1.010000000000000000e+03 3.881751639411145657e-05
1.009000000000000000e+03 3.745150358371295571e-05
1.008000000000000000e+03 3.664022471945317097e-05
1.007000000000000000e+03 3.617496147341204551e-05
1.006000000000000000e+03 3.582116919074454579e-05
1.005000000000000000e+03 3.534036802139001843e-05
1.004000000000000000e+03 3.457045013730057165e-05
1.003000000000000000e+03 3.344074475008497157e-05
1.002000000000000000e+03 3.195944273717578863e-05
1.001000000000000000e+03 3.017266994743102914e-05
1.000000000000000000e+03 2.819034704932237481e-05
9.990000000000000000e+02 2.613012139541405821e-05
9.980000000000000000e+02 2.418243183601547337e-05
9.970000000000000000e+02 2.248572734792290075e-05
9.960000000000000000e+02 2.116212707076472967e-05
9.950000000000000000e+02 2.024059494360265949e-05
9.940000000000000000e+02 1.969187070269305602e-05
9.930000000000000000e+02 1.942803117241688945e-05
9.920000000000000000e+02 1.932426433270777099e-05
9.910000000000000000e+02 1.927818596358821815e-05
9.900000000000000000e+02 1.921130468007366414e-05
9.890000000000000000e+02 1.908550066005682312e-05
9.880000000000000000e+02 1.890944248422403695e-05
9.870000000000000000e+02 1.869568806298433158e-05
9.860000000000000000e+02 1.846815691901755111e-05
9.850000000000000000e+02 1.825009061430641250e-05
9.840000000000000000e+02 1.808345975781488061e-05
9.830000000000000000e+02 1.799788562460964564e-05
9.820000000000000000e+02 1.803945046532670656e-05
9.810000000000000000e+02 1.821411024920293050e-05
9.800000000000000000e+02 1.849779998465405777e-05
9.790000000000000000e+02 1.883604839527467251e-05
9.780000000000000000e+02 1.916766910429426352e-05
9.770000000000000000e+02 1.946211165195940076e-05
9.760000000000000000e+02 1.976103222124743874e-05
9.750000000000000000e+02 2.018517390822812386e-05
9.740000000000000000e+02 2.090869960469879886e-05
9.730000000000000000e+02 2.211643439670120983e-05
9.720000000000000000e+02 2.394556057391019274e-05
9.710000000000000000e+02 2.645047211062102603e-05
9.700000000000000000e+02 2.960279241237847352e-05
9.690000000000000000e+02 3.327999533812951439e-05
9.680000000000000000e+02 3.732789974686517832e-05
9.670000000000000000e+02 4.156132791609063392e-05
9.660000000000000000e+02 4.579476491601686789e-05
9.650000000000000000e+02 4.987206802705441419e-05
9.640000000000000000e+02 5.378696520227752183e-05
9.630000000000000000e+02 5.786482577274825644e-05
9.620000000000000000e+02 6.280784226944323390e-05
9.610000000000000000e+02 6.948210922022605366e-05
9.600000000000000000e+02 7.874831997732298415e-05
9.590000000000000000e+02 9.104066281307884553e-05
9.580000000000000000e+02 1.061653598260062415e-04
9.570000000000000000e+02 1.232245711112546537e-04
9.560000000000000000e+02 1.406689161326151252e-04
9.550000000000000000e+02 1.560590209453861365e-04
9.540000000000000000e+02 1.660884025430510295e-04
9.530000000000000000e+02 1.683519071951216381e-04
9.520000000000000000e+02 1.634699516614619447e-04
9.510000000000000000e+02 1.536080806364070945e-04
9.500000000000000000e+02 1.356549690981974951e-04
9.490000000000000000e+02 9.974182247539449173e-05
9.480000000000000000e+02 5.449291517695233403e-05
9.470000000000000000e+02 2.359498626066450154e-05
9.460000000000000000e+02 9.362058453918230795e-06
9.450000000000000000e+02 3.662774646117876533e-06
9.440000000000000000e+02 1.450680117688669250e-06
9.430000000000000000e+02 5.931009640451992530e-07
9.420000000000000000e+02 2.514183969254794369e-07
9.410000000000000000e+02 1.095539153694857099e-07
9.400000000000000000e+02 5.016330091753590694e-08
9.390000000000000000e+02 2.487465650043330442e-08
9.380000000000000000e+02 1.344173401954134798e-08
9.370000000000000000e+02 7.853156749531400940e-09
9.360000000000000000e+02 4.919966104950376027e-09
9.350000000000000000e+02 3.300860933223184862e-09
9.340000000000000000e+02 2.387675871622592295e-09
9.330000000000000000e+02 1.885067683678630579e-09
9.320000000000000000e+02 1.632437118881330858e-09
9.310000000000000000e+02 1.528681086869369985e-09
9.300000000000000000e+02 1.496599494614267385e-09
9.290000000000000000e+02 1.477167546183873818e-09
9.280000000000000000e+02 1.448181772842100647e-09
9.270000000000000000e+02 1.441382985805710106e-09
9.260000000000000000e+02 1.545902431528779364e-09
9.250000000000000000e+02 1.905162758877628360e-09
9.240000000000000000e+02 2.748450599192106490e-09
9.230000000000000000e+02 4.493219088387886817e-09
9.220000000000000000e+02 7.858145113040120086e-09
9.210000000000000000e+02 1.260591379236872400e-08
9.200000000000000000e+02 1.318218945303232520e-08
9.190000000000000000e+02 8.308890792473369542e-09
9.180000000000000000e+02 4.513371545414659700e-09
9.170000000000000000e+02 2.645568759296416976e-09
9.160000000000000000e+02 1.738358389475460212e-09
9.150000000000000000e+02 1.274616575441954157e-09
9.140000000000000000e+02 1.046185604154880785e-09
9.130000000000000000e+02 9.593504989739068056e-10
9.120000000000000000e+02 9.364233823244719446e-10
9.110000000000000000e+02 9.420398092676097023e-10
9.100000000000000000e+02 1.003964444737083915e-09
9.090000000000000000e+02 1.120543352407815408e-09
9.080000000000000000e+02 1.266469424662250673e-09
9.070000000000000000e+02 1.404552055143388272e-09
9.060000000000000000e+02 1.482419693224749969e-09
9.050000000000000000e+02 1.433273852248299592e-09
9.040000000000000000e+02 1.280340050111635635e-09
9.030000000000000000e+02 1.118071594385139920e-09
9.020000000000000000e+02 1.005712526116096409e-09
9.010000000000000000e+02 9.412407485131976287e-10
9.000000000000000000e+02 8.991040368475679837e-10
