2.600000000000000000e+03 2.201439848571627572e-07
2.599000000000000000e+03 2.482568202958099313e-07
2.598000000000000000e+03 2.778535666682735077e-07
2.597000000000000000e+03 3.150360344607749188e-07
2.596000000000000000e+03 3.540632077508376606e-07
2.595000000000000000e+03 4.023306237226486076e-07
2.594000000000000000e+03 4.539425416211690771e-07
2.593000000000000000e+03 5.170495352814650200e-07
2.592000000000000000e+03 5.846423145050773316e-07
2.591000000000000000e+03 6.684623338440524343e-07
2.590000000000000000e+03 7.561622052556243468e-07
2.589000000000000000e+03 8.616844431326912523e-07
2.588000000000000000e+03 9.683861241158920800e-07
2.587000000000000000e+03 1.097700701261116955e-06
2.586000000000000000e+03 1.220393850659879457e-06
2.585000000000000000e+03 1.362640497415379803e-06
2.584000000000000000e+03 1.495801659135270232e-06
2.583000000000000000e+03 1.626372996478856828e-06
2.582000000000000000e+03 1.735074999902197411e-06
2.581000000000000000e+03 1.845796532948355760e-06
2.580000000000000000e+03 1.913040901951716660e-06
2.579000000000000000e+03 1.973435752525729756e-06
2.578000000000000000e+03 1.980394258649440332e-06
2.577000000000000000e+03 1.984062191713092845e-06
2.576000000000000000e+03 1.946939866513633506e-06
2.575000000000000000e+03 1.892126494811417571e-06
2.574000000000000000e+03 1.820210309048600184e-06
2.573000000000000000e+03 1.725178055978973502e-06
2.572000000000000000e+03 1.640125472885665957e-06
2.571000000000000000e+03 1.526343392827994787e-06
2.570000000000000000e+03 1.437440433765240714e-06
2.569000000000000000e+03 1.314521880463287461e-06
2.568000000000000000e+03 1.232725053395581753e-06
2.567000000000000000e+03 1.113376779643374407e-06
2.566000000000000000e+03 1.041519825896046428e-06
2.565000000000000000e+03 9.236912873178049533e-07
2.564000000000000000e+03 8.622420594207648622e-07
2.563000000000000000e+03 7.622408863160749627e-07
2.562000000000000000e+03 7.066086204253459283e-07
2.561000000000000000e+03 6.292503718393990850e-07
2.560000000000000000e+03 5.742154339576563165e-07
2.559000000000000000e+03 5.160733739802480371e-07
2.558000000000000000e+03 4.652872773975140725e-07
2.557000000000000000e+03 4.264448473316202865e-07
2.556000000000000000e+03 3.787830546019882430e-07
2.555000000000000000e+03 3.543484260249066873e-07
2.554000000000000000e+03 3.121802122524597663e-07
2.553000000000000000e+03 2.970893005386384923e-07
2.552000000000000000e+03 2.635809129258771642e-07
2.551000000000000000e+03 2.530833388872103924e-07
2.550000000000000000e+03 2.281667293104938008e-07
2.549000000000000000e+03 2.176120794296205624e-07
2.548000000000000000e+03 2.034933935554358240e-07
2.547000000000000000e+03 1.904769860988059113e-07
2.546000000000000000e+03 1.857245807981291714e-07
2.545000000000000000e+03 1.711635813300323312e-07
2.544000000000000000e+03 1.729607549025355657e-07
2.543000000000000000e+03 1.592276160482690045e-07
2.542000000000000000e+03 1.626553223268755992e-07
2.541000000000000000e+03 1.540672728868253439e-07
2.540000000000000000e+03 1.551265217693803477e-07
2.539000000000000000e+03 1.543020428320884747e-07
2.538000000000000000e+03 1.511775419456116291e-07
2.537000000000000000e+03 1.580992098435565211e-07
2.536000000000000000e+03 1.524507842135731145e-07
2.535000000000000000e+03 1.635141570728239270e-07
2.534000000000000000e+03 1.607789399727284051e-07
2.533000000000000000e+03 1.698382646723365510e-07
2.532000000000000000e+03 1.759627532427227466e-07
2.531000000000000000e+03 1.795840086316981977e-07
2.530000000000000000e+03 1.960469611134717358e-07
2.529000000000000000e+03 1.960934155407661137e-07
2.528000000000000000e+03 2.168587175011695978e-07
2.527000000000000000e+03 2.231382093396127646e-07
2.526000000000000000e+03 2.400416106895417699e-07
2.525000000000000000e+03 2.587070536442523287e-07
2.524000000000000000e+03 2.655686020673732383e-07
2.523000000000000000e+03 2.957035526803588347e-07
2.522000000000000000e+03 2.991732392251240941e-07
2.521000000000000000e+03 3.248455944451989344e-07
2.520000000000000000e+03 3.337329710712684940e-07
2.519000000000000000e+03 3.378468107960177344e-07
2.518000000000000000e+03 3.534342315425395360e-07
2.517000000000000000e+03 3.331992757382941493e-07
2.516000000000000000e+03 3.327761138838700671e-07
2.515000000000000000e+03 3.133566440506186331e-07
2.514000000000000000e+03 2.893104790651187069e-07
2.513000000000000000e+03 2.747828116888982576e-07
2.512000000000000000e+03 2.373528969117562050e-07
2.511000000000000000e+03 2.224948009742999625e-07
2.510000000000000000e+03 1.963926413806535874e-07
2.509000000000000000e+03 1.728016511495719025e-07
2.508000000000000000e+03 1.604145958917200604e-07
2.507000000000000000e+03 1.393242047847972109e-07
2.506000000000000000e+03 1.248223427889811744e-07
2.505000000000000000e+03 1.137938269218028721e-07
2.504000000000000000e+03 1.005756823518964081e-07
2.503000000000000000e+03 9.533689830345735124e-08
2.502000000000000000e+03 8.353703449049257954e-08
2.501000000000000000e+03 7.806722459658505000e-08
2.500000000000000000e+03 7.298050419340766262e-08
2.499000000000000000e+03 6.505689734001556375e-08
2.498000000000000000e+03 6.313637837911143154e-08
2.497000000000000000e+03 5.748040845383544248e-08
2.496000000000000000e+03 5.365530649829516070e-08
2.495000000000000000e+03 5.238267717597121346e-08
2.494000000000000000e+03 4.755179079407253032e-08
2.493000000000000000e+03 4.667224215921595626e-08
2.492000000000000000e+03 4.487955312669253969e-08
2.491000000000000000e+03 4.178839932413688537e-08
2.490000000000000000e+03 4.229676750223180790e-08
2.489000000000000000e+03 4.016675279233849325e-08
2.488000000000000000e+03 3.910864885965471421e-08
2.487000000000000000e+03 4.002320379628244112e-08
2.486000000000000000e+03 3.802145468810610677e-08
2.485000000000000000e+03 3.863099033801563824e-08
2.484000000000000000e+03 3.932577556635832510e-08
2.483000000000000000e+03 3.798313917013084036e-08
2.482000000000000000e+03 3.988049716373859573e-08
2.481000000000000000e+03 4.036538949707074290e-08
2.480000000000000000e+03 4.007977696549636166e-08
2.479000000000000000e+03 4.322865344362408428e-08
2.478000000000000000e+03 4.371349004453209522e-08
2.477000000000000000e+03 4.501933857537266899e-08
2.476000000000000000e+03 4.924096237291395622e-08
2.475000000000000000e+03 5.035410772604861070e-08
2.474000000000000000e+03 5.392908947760074288e-08
2.473000000000000000e+03 5.993596261866916812e-08
2.472000000000000000e+03 6.223611458694981868e-08
2.471000000000000000e+03 6.910697028325844027e-08
2.470000000000000000e+03 7.823127389995444599e-08
2.469000000000000000e+03 8.371853137855347943e-08
2.468000000000000000e+03 9.614278019648092432e-08
2.467000000000000000e+03 1.115714559419279903e-07
2.466000000000000000e+03 1.226837385860929512e-07
2.465000000000000000e+03 1.452105957650832531e-07
2.464000000000000000e+03 1.715146622515682848e-07
2.463000000000000000e+03 1.903040318577249792e-07
2.462000000000000000e+03 2.221292794201553903e-07
2.461000000000000000e+03 2.563573696844217713e-07
2.460000000000000000e+03 2.646593283195425306e-07
2.459000000000000000e+03 2.811110356183425248e-07
2.458000000000000000e+03 2.818023827855668968e-07
2.457000000000000000e+03 2.532606365872958628e-07
2.456000000000000000e+03 2.293873721491418960e-07
2.455000000000000000e+03 2.063840238735403481e-07
2.454000000000000000e+03 1.687501184504787799e-07
2.453000000000000000e+03 1.427781947747328341e-07
2.452000000000000000e+03 1.247878450027311906e-07
2.451000000000000000e+03 1.023768140285660185e-07
2.450000000000000000e+03 8.645087108691743182e-08
2.449000000000000000e+03 7.735449737833530803e-08
2.448000000000000000e+03 6.582887911634558477e-08
2.447000000000000000e+03 5.655711456223597070e-08
2.446000000000000000e+03 5.214057047282207495e-08
2.445000000000000000e+03 4.628006806394635861e-08
2.444000000000000000e+03 4.039552145716388739e-08
2.443000000000000000e+03 3.802172726890505194e-08
2.442000000000000000e+03 3.524284615440259578e-08
2.441000000000000000e+03 3.140378901849727727e-08
2.440000000000000000e+03 2.982057326333529623e-08
2.439000000000000000e+03 2.868004427893258524e-08
2.438000000000000000e+03 2.638789491133327671e-08
2.437000000000000000e+03 2.477094684404431715e-08
2.436000000000000000e+03 2.474736372447742078e-08
2.435000000000000000e+03 2.352341594376004494e-08
2.434000000000000000e+03 2.214432651035398134e-08
2.433000000000000000e+03 2.211510376849508913e-08
2.432000000000000000e+03 2.217656323507367927e-08
2.431000000000000000e+03 2.119709276882866571e-08
2.430000000000000000e+03 2.100947033582811303e-08
2.429000000000000000e+03 2.177785074505639752e-08
2.428000000000000000e+03 2.172824786839352378e-08
2.427000000000000000e+03 2.113961333598464316e-08
2.426000000000000000e+03 2.196225890395587865e-08
2.425000000000000000e+03 2.302579472602153002e-08
2.424000000000000000e+03 2.299127995079264047e-08
2.423000000000000000e+03 2.353749461122513516e-08
2.422000000000000000e+03 2.548433662997602933e-08
2.421000000000000000e+03 2.658042412116868840e-08
2.420000000000000000e+03 2.698670330606232906e-08
2.419000000000000000e+03 2.879398219551171194e-08
2.418000000000000000e+03 3.159424688342749516e-08
2.417000000000000000e+03 3.298065697332144912e-08
2.416000000000000000e+03 3.418554861933376283e-08
2.415000000000000000e+03 3.728330331710567433e-08
2.414000000000000000e+03 4.084531889934290448e-08
2.413000000000000000e+03 4.211278216979380060e-08
2.412000000000000000e+03 4.338774297990316918e-08
2.411000000000000000e+03 4.667617634689442616e-08
2.410000000000000000e+03 4.881919474257381761e-08
2.409000000000000000e+03 4.774905516981517757e-08
2.408000000000000000e+03 4.666340802152644573e-08
2.407000000000000000e+03 4.702215027871870985e-08
2.406000000000000000e+03 4.552711623978014330e-08
2.405000000000000000e+03 4.141222467595682852e-08
2.404000000000000000e+03 3.785864155070531618e-08
2.403000000000000000e+03 3.590740449370947351e-08
2.402000000000000000e+03 3.308409307344050957e-08
2.401000000000000000e+03 2.918115793704915238e-08
2.400000000000000000e+03 2.596150562597382762e-08
2.399000000000000000e+03 2.430552911970391187e-08
2.398000000000000000e+03 2.260030939924852948e-08
2.397000000000000000e+03 2.006800388794835668e-08
2.396000000000000000e+03 1.806550374162637877e-08
2.395000000000000000e+03 1.705121220418964972e-08
2.394000000000000000e+03 1.631213792370561666e-08
2.393000000000000000e+03 1.506207326430901741e-08
2.392000000000000000e+03 1.380016376744020613e-08
2.391000000000000000e+03 1.322209254344074206e-08
2.390000000000000000e+03 1.312664079437237960e-08
2.389000000000000000e+03 1.274470311117964604e-08
2.388000000000000000e+03 1.206075551271481265e-08
2.387000000000000000e+03 1.172223923983009231e-08
2.386000000000000000e+03 1.193812706408744242e-08
2.385000000000000000e+03 1.225847819127502617e-08
2.384000000000000000e+03 1.224422167537823107e-08
2.383000000000000000e+03 1.221213439471599698e-08
2.382000000000000000e+03 1.268734406538680120e-08
2.381000000000000000e+03 1.371537532440399983e-08
2.380000000000000000e+03 1.478028659615384610e-08
2.379000000000000000e+03 1.563386618067428481e-08
2.378000000000000000e+03 1.684509499714917509e-08
2.377000000000000000e+03 1.911400404078697526e-08
2.376000000000000000e+03 2.261919469711970063e-08
2.375000000000000000e+03 2.692465457143960442e-08
2.374000000000000000e+03 3.243645097891655080e-08
2.373000000000000000e+03 4.104085591170602388e-08
2.372000000000000000e+03 5.693740389755650544e-08
2.371000000000000000e+03 8.716921581133176942e-08
2.370000000000000000e+03 1.456550845548787139e-07
2.369000000000000000e+03 2.503917851342383347e-07
2.368000000000000000e+03 3.445198270281093956e-07
2.367000000000000000e+03 3.305476541906560704e-07
2.366000000000000000e+03 2.367078153276742937e-07
2.365000000000000000e+03 1.372642648678904277e-07
2.364000000000000000e+03 7.116506387209549333e-08
2.363000000000000000e+03 3.984348212103179961e-08
2.362000000000000000e+03 2.494516649861727612e-08
2.361000000000000000e+03 1.713910623674753800e-08
2.360000000000000000e+03 1.241165530894471081e-08
2.359000000000000000e+03 9.161232224899744157e-09
2.358000000000000000e+03 6.853802483644762025e-09
2.357000000000000000e+03 5.285731517248887708e-09
2.356000000000000000e+03 4.233152062358828852e-09
2.355000000000000000e+03 3.511634919694809850e-09
2.354000000000000000e+03 2.934381639219587993e-09
2.353000000000000000e+03 2.428354779437912978e-09
2.352000000000000000e+03 2.012354455053881385e-09
2.351000000000000000e+03 1.696473506308827034e-09
2.350000000000000000e+03 1.469317482145060886e-09
2.349000000000000000e+03 1.296600905696442286e-09
2.348000000000000000e+03 1.146324182699432209e-09
2.347000000000000000e+03 1.002294534048299235e-09
2.346000000000000000e+03 8.727358726474817483e-10
2.345000000000000000e+03 7.662000736059917264e-10
2.344000000000000000e+03 6.852202194587441738e-10
2.343000000000000000e+03 6.235350001467111916e-10
2.342000000000000000e+03 5.723504675812902003e-10
2.341000000000000000e+03 5.232229634701898957e-10
2.340000000000000000e+03 4.712663884359371339e-10
2.339000000000000000e+03 4.233778887831061143e-10
2.338000000000000000e+03 3.852619835832022792e-10
2.337000000000000000e+03 3.550911494977284002e-10
2.336000000000000000e+03 3.330339904800017703e-10
2.335000000000000000e+03 3.151588896230739504e-10
2.334000000000000000e+03 2.942595885678822589e-10
2.333000000000000000e+03 2.742456776831353438e-10
2.332000000000000000e+03 2.523450188904287222e-10
2.331000000000000000e+03 2.354372538097878485e-10
2.330000000000000000e+03 2.211995184056654400e-10
2.329000000000000000e+03 2.117929699830500821e-10
2.328000000000000000e+03 2.029075249886753931e-10
2.327000000000000000e+03 1.956716808344969945e-10
2.326000000000000000e+03 1.875563951766622974e-10
2.325000000000000000e+03 1.782535791725075956e-10
2.324000000000000000e+03 1.689989693498007521e-10
2.323000000000000000e+03 1.607287321195236583e-10
2.322000000000000000e+03 1.543096013468392127e-10
2.321000000000000000e+03 1.502953247179980992e-10
2.320000000000000000e+03 1.476753874522286950e-10
2.319000000000000000e+03 1.458172624820799334e-10
2.318000000000000000e+03 1.435081049274375861e-10
2.317000000000000000e+03 1.406294573063815467e-10
2.316000000000000000e+03 1.370418477015909555e-10
2.315000000000000000e+03 1.333786319779010632e-10
2.314000000000000000e+03 1.303439254005932534e-10
2.313000000000000000e+03 1.284090655134904556e-10
2.312000000000000000e+03 1.276376055763145092e-10
2.311000000000000000e+03 1.283941372051317308e-10
2.310000000000000000e+03 1.298392632130017303e-10
2.309000000000000000e+03 1.315521020951092131e-10
2.308000000000000000e+03 1.331214577273251098e-10
2.307000000000000000e+03 1.343733499831036004e-10
2.306000000000000000e+03 1.352442319885256639e-10
2.305000000000000000e+03 1.359066772628964940e-10
2.304000000000000000e+03 1.370243246486694761e-10
2.303000000000000000e+03 1.390392204749254718e-10
2.302000000000000000e+03 1.419796356513489104e-10
2.301000000000000000e+03 1.463843870556492174e-10
2.300000000000000000e+03 1.521549848505529052e-10
2.299000000000000000e+03 1.593060721802010617e-10
2.298000000000000000e+03 1.674351674846549445e-10
2.297000000000000000e+03 1.766542714389823686e-10
2.296000000000000000e+03 1.865850232802419429e-10
2.295000000000000000e+03 1.973350088894596364e-10
2.294000000000000000e+03 2.084887440993984369e-10
2.293000000000000000e+03 2.213810660000578223e-10
2.292000000000000000e+03 2.358243728531845698e-10
2.291000000000000000e+03 2.518800369262996056e-10
2.290000000000000000e+03 2.717454841809917411e-10
2.289000000000000000e+03 2.959864758917963345e-10
2.288000000000000000e+03 3.266929246589006880e-10
2.287000000000000000e+03 3.619278167576306369e-10
2.286000000000000000e+03 4.058870460597426490e-10
2.285000000000000000e+03 4.610093609066047228e-10
2.284000000000000000e+03 5.312760739354315173e-10
2.283000000000000000e+03 6.186256914662514556e-10
2.282000000000000000e+03 7.316045649273931919e-10
2.281000000000000000e+03 8.808977958825332936e-10
2.280000000000000000e+03 1.080562218986563753e-09
2.279000000000000000e+03 1.359541317311496465e-09
2.278000000000000000e+03 1.758624290477096638e-09
2.277000000000000000e+03 2.359508719082925884e-09
2.276000000000000000e+03 3.365704138368042451e-09
2.275000000000000000e+03 5.147252617372744168e-09
2.274000000000000000e+03 8.882613692970033653e-09
2.273000000000000000e+03 1.914744749062448814e-08
2.272000000000000000e+03 6.231733591664499909e-08
2.271000000000000000e+03 1.326200364785013301e-07
2.270000000000000000e+03 1.311909200292062793e-07
2.269000000000000000e+03 6.959665413408491850e-08
2.268000000000000000e+03 2.259770528354114592e-08
2.267000000000000000e+03 1.019973894228400202e-08
2.266000000000000000e+03 5.916477089566790507e-09
2.265000000000000000e+03 3.908816671043205866e-09
2.264000000000000000e+03 2.809965699220320897e-09
2.263000000000000000e+03 2.134283510916267880e-09
2.262000000000000000e+03 1.690041290705036689e-09
2.261000000000000000e+03 1.378487084549374754e-09
2.260000000000000000e+03 1.156369995947552646e-09
2.259000000000000000e+03 9.870730715318626119e-10
2.258000000000000000e+03 8.596416545070654656e-10
2.257000000000000000e+03 7.576451969761882121e-10
2.256000000000000000e+03 6.793107527819039761e-10
2.255000000000000000e+03 6.134072444446714531e-10
2.254000000000000000e+03 5.600418822138532266e-10
2.253000000000000000e+03 5.175484854862793293e-10
2.252000000000000000e+03 4.814704129337203877e-10
2.251000000000000000e+03 4.493622129165341070e-10
2.250000000000000000e+03 4.237000163575689863e-10
2.249000000000000000e+03 4.026528740833116588e-10
2.248000000000000000e+03 3.857972870041114941e-10
2.247000000000000000e+03 3.686970662388858608e-10
2.246000000000000000e+03 3.582601536005576720e-10
2.245000000000000000e+03 3.477903226823136933e-10
2.244000000000000000e+03 3.392600693111543605e-10
2.243000000000000000e+03 3.306082690739175949e-10
2.242000000000000000e+03 3.263955300268634367e-10
2.241000000000000000e+03 3.219351385213735943e-10
2.240000000000000000e+03 3.193698142586134825e-10
2.239000000000000000e+03 3.166841535203666558e-10
2.238000000000000000e+03 3.181990978721417427e-10
2.237000000000000000e+03 3.170434232855189044e-10
2.236000000000000000e+03 3.177699301359557965e-10
2.235000000000000000e+03 3.204787014301814889e-10
2.234000000000000000e+03 3.249442985808763188e-10
2.233000000000000000e+03 3.290024452022904154e-10
2.232000000000000000e+03 3.351182840156342758e-10
2.231000000000000000e+03 3.411773683296535858e-10
2.230000000000000000e+03 3.492523961408456159e-10
2.229000000000000000e+03 3.618388227730011286e-10
2.228000000000000000e+03 3.748988878227867354e-10
2.227000000000000000e+03 3.904321446809053142e-10
2.226000000000000000e+03 4.085775122696311119e-10
2.225000000000000000e+03 4.296880335170403442e-10
2.224000000000000000e+03 4.556889986140453870e-10
2.223000000000000000e+03 4.862316495264665967e-10
2.222000000000000000e+03 5.192444344654525877e-10
2.221000000000000000e+03 5.585982612476188555e-10
2.220000000000000000e+03 6.012786985587274439e-10
2.219000000000000000e+03 6.509088741487702819e-10
2.218000000000000000e+03 7.027194772322196410e-10
2.217000000000000000e+03 7.623742091731161000e-10
2.216000000000000000e+03 8.298798998169145332e-10
2.215000000000000000e+03 9.068623163749740280e-10
2.214000000000000000e+03 1.001300069764137045e-09
2.213000000000000000e+03 1.112758768668111924e-09
2.212000000000000000e+03 1.251835884624757231e-09
2.211000000000000000e+03 1.424346236674402599e-09
2.210000000000000000e+03 1.630808632555238227e-09
2.209000000000000000e+03 1.877638051712727027e-09
2.208000000000000000e+03 2.172361007859639440e-09
2.207000000000000000e+03 2.527562912869331392e-09
2.206000000000000000e+03 2.930652787486883673e-09
2.205000000000000000e+03 3.423416523192453488e-09
2.204000000000000000e+03 4.032267065281264393e-09
2.203000000000000000e+03 4.808221045950225559e-09
2.202000000000000000e+03 5.790888244923307521e-09
2.201000000000000000e+03 7.083436759002298313e-09
2.200000000000000000e+03 8.751105095079040162e-09
2.199000000000000000e+03 1.088091780250197342e-08
2.198000000000000000e+03 1.346840790613393258e-08
2.197000000000000000e+03 1.652939211275796019e-08
2.196000000000000000e+03 2.001177032649599332e-08
2.195000000000000000e+03 2.383651996334234914e-08
2.194000000000000000e+03 2.800120124314358182e-08
2.193000000000000000e+03 3.215781264577161467e-08
2.192000000000000000e+03 3.594501564284463404e-08
2.191000000000000000e+03 3.880734563248256441e-08
2.190000000000000000e+03 4.044188042398477091e-08
2.189000000000000000e+03 4.065810408823164280e-08
2.188000000000000000e+03 3.977739356041181004e-08
2.187000000000000000e+03 3.870414649698351292e-08
2.186000000000000000e+03 3.749971382479494041e-08
2.185000000000000000e+03 3.707132835742411425e-08
2.184000000000000000e+03 3.682878009783294179e-08
2.183000000000000000e+03 3.704330767686922102e-08
2.182000000000000000e+03 3.708650874464881434e-08
2.181000000000000000e+03 3.742646528441002593e-08
2.180000000000000000e+03 3.813107131516576461e-08
2.179000000000000000e+03 3.975145147136841999e-08
2.178000000000000000e+03 4.264244287654536935e-08
2.177000000000000000e+03 4.654249025258806854e-08
2.176000000000000000e+03 5.133772838964711231e-08
2.175000000000000000e+03 5.670203061916398174e-08
2.174000000000000000e+03 6.322024017927855005e-08
2.173000000000000000e+03 7.235915736031963002e-08
2.172000000000000000e+03 8.483558018579668151e-08
2.171000000000000000e+03 1.009493744577266583e-07
2.170000000000000000e+03 1.192308155572991152e-07
2.169000000000000000e+03 1.368187136699694648e-07
2.168000000000000000e+03 1.508745134079479151e-07
2.167000000000000000e+03 1.591178196847023794e-07
2.166000000000000000e+03 1.592478445706376404e-07
2.165000000000000000e+03 1.496469142910853826e-07
2.164000000000000000e+03 1.313530687965165444e-07
2.163000000000000000e+03 1.093845410974176554e-07
2.162000000000000000e+03 8.931947313890750309e-08
2.161000000000000000e+03 7.371752548223346874e-08
2.160000000000000000e+03 6.182984127564430459e-08
2.159000000000000000e+03 5.205912492156889819e-08
2.158000000000000000e+03 4.363414091052823480e-08
2.157000000000000000e+03 3.696373485438978630e-08
2.156000000000000000e+03 3.209755942000298328e-08
2.155000000000000000e+03 2.859315076295307359e-08
2.154000000000000000e+03 2.558827751890353010e-08
2.153000000000000000e+03 2.293838743938718200e-08
2.152000000000000000e+03 2.049657992534126860e-08
2.151000000000000000e+03 1.886408936107047965e-08
2.150000000000000000e+03 1.768486462318290040e-08
2.149000000000000000e+03 1.647995541538570003e-08
2.148000000000000000e+03 1.522761157628079218e-08
2.147000000000000000e+03 1.422742914485541231e-08
2.146000000000000000e+03 1.361442836071455525e-08
2.145000000000000000e+03 1.308526368704854601e-08
2.144000000000000000e+03 1.235715821132840083e-08
2.143000000000000000e+03 1.164746925692851762e-08
2.142000000000000000e+03 1.121517365095789808e-08
2.141000000000000000e+03 1.092530954606147924e-08
2.140000000000000000e+03 1.047175956031210469e-08
2.139000000000000000e+03 9.901379013322253802e-09
2.138000000000000000e+03 9.511605813931668183e-09
2.137000000000000000e+03 9.265736686905764486e-09
2.136000000000000000e+03 8.922092407182942055e-09
2.135000000000000000e+03 8.423055009781496486e-09
2.134000000000000000e+03 8.042163525286174461e-09
2.133000000000000000e+03 7.808301192808767601e-09
2.132000000000000000e+03 7.479292061048294058e-09
2.131000000000000000e+03 7.032558401399865738e-09
2.130000000000000000e+03 6.680292177033542645e-09
2.129000000000000000e+03 6.469756914473144896e-09
2.128000000000000000e+03 6.160267500875481649e-09
2.127000000000000000e+03 5.773393391428833389e-09
2.126000000000000000e+03 5.513777177747615533e-09
2.125000000000000000e+03 5.329605976697998438e-09
2.124000000000000000e+03 5.056893630251012648e-09
2.123000000000000000e+03 4.761395092872508717e-09
2.122000000000000000e+03 4.601565310740709485e-09
2.121000000000000000e+03 4.456598430199026616e-09
2.120000000000000000e+03 4.244079508541502094e-09
2.119000000000000000e+03 4.110333545481650504e-09
2.118000000000000000e+03 3.899982027930436040e-09
2.117000000000000000e+03 3.849880928761068889e-09
2.116000000000000000e+03 3.727711801893151206e-09
2.115000000000000000e+03 3.621006661650663831e-09
2.114000000000000000e+03 3.618672965455976023e-09
2.113000000000000000e+03 3.514780836784246606e-09
2.112000000000000000e+03 3.489567718404861343e-09
2.111000000000000000e+03 3.517133203907028411e-09
2.110000000000000000e+03 3.472965226179606269e-09
2.109000000000000000e+03 3.541153338836294095e-09
2.108000000000000000e+03 3.566558105549186170e-09
2.107000000000000000e+03 3.575980287758569401e-09
2.106000000000000000e+03 3.638637616736554011e-09
2.105000000000000000e+03 3.774958653242518165e-09
2.104000000000000000e+03 3.855370530696687679e-09
2.103000000000000000e+03 3.936551599059138416e-09
2.102000000000000000e+03 4.106992315117523934e-09
2.101000000000000000e+03 4.327486730952183760e-09
2.100000000000000000e+03 4.476992010335830288e-09
2.099000000000000000e+03 4.685190886326067449e-09
2.098000000000000000e+03 4.992371548316093823e-09
2.097000000000000000e+03 5.283208915395400009e-09
2.096000000000000000e+03 5.547675158136789695e-09
2.095000000000000000e+03 5.928917932946183577e-09
2.094000000000000000e+03 6.385622564206399064e-09
2.093000000000000000e+03 6.781758076787909706e-09
2.092000000000000000e+03 7.191514718474403965e-09
2.091000000000000000e+03 7.749972006039736258e-09
2.090000000000000000e+03 8.295249672199803965e-09
2.089000000000000000e+03 8.705050264637438552e-09
2.088000000000000000e+03 9.249465695493799800e-09
2.087000000000000000e+03 9.784354578082827943e-09
2.086000000000000000e+03 1.009329356682509508e-08
2.085000000000000000e+03 1.041907562775817442e-08
2.084000000000000000e+03 1.073415534464946104e-08
2.083000000000000000e+03 1.076460788441394677e-08
2.082000000000000000e+03 1.067403135668134235e-08
2.081000000000000000e+03 1.064670858187802861e-08
2.080000000000000000e+03 1.034135835324023587e-08
2.079000000000000000e+03 9.905362963275433972e-09
2.078000000000000000e+03 9.611108020028825780e-09
2.077000000000000000e+03 9.145553805398077789e-09
2.076000000000000000e+03 8.593470830258641466e-09
2.075000000000000000e+03 8.215248784372742741e-09
2.074000000000000000e+03 7.759437981744642545e-09
2.073000000000000000e+03 7.263385843124489637e-09
2.072000000000000000e+03 6.943325339825576739e-09
2.071000000000000000e+03 6.576693451799092010e-09
2.070000000000000000e+03 6.187898503331369457e-09
2.069000000000000000e+03 5.955184621800344551e-09
2.068000000000000000e+03 5.691512584590106531e-09
2.067000000000000000e+03 5.434412013517933501e-09
2.066000000000000000e+03 5.310673538526246089e-09
2.065000000000000000e+03 5.103251732488221098e-09
2.064000000000000000e+03 4.961530737457180123e-09
2.063000000000000000e+03 4.940133340978517824e-09
2.062000000000000000e+03 4.807867537635761540e-09
2.061000000000000000e+03 4.786639466534328137e-09
2.060000000000000000e+03 4.814518179588051022e-09
2.059000000000000000e+03 4.765469996483016721e-09
2.058000000000000000e+03 4.866988883965393777e-09
2.057000000000000000e+03 4.947201702309007018e-09
2.056000000000000000e+03 5.004059091236242586e-09
2.055000000000000000e+03 5.216784611949533505e-09
2.054000000000000000e+03 5.360213054676947613e-09
2.053000000000000000e+03 5.597305025865973362e-09
2.052000000000000000e+03 5.904999908766838720e-09
2.051000000000000000e+03 6.174823786296150858e-09
2.050000000000000000e+03 6.613442027208248073e-09
2.049000000000000000e+03 7.066187120605634316e-09
2.048000000000000000e+03 7.577745314710545239e-09
2.047000000000000000e+03 8.297028906656308223e-09
2.046000000000000000e+03 8.945382682157761761e-09
2.045000000000000000e+03 9.929120341252199660e-09
2.044000000000000000e+03 1.097572152832774211e-08
2.043000000000000000e+03 1.219048510925742599e-08
2.042000000000000000e+03 1.386349821215617328e-08
2.041000000000000000e+03 1.554279417443273022e-08
2.040000000000000000e+03 1.797157540675263669e-08
2.039000000000000000e+03 2.066309879029311446e-08
2.038000000000000000e+03 2.407337200219491651e-08
2.037000000000000000e+03 2.858695294000187509e-08
2.036000000000000000e+03 3.372935626655378232e-08
2.035000000000000000e+03 4.117190339492589412e-08
2.034000000000000000e+03 4.981034498391836627e-08
2.033000000000000000e+03 6.209915245228041670e-08
2.032000000000000000e+03 7.783665322255061050e-08
2.031000000000000000e+03 9.868366390496080976e-08
2.030000000000000000e+03 1.279773655945472312e-07
2.029000000000000000e+03 1.640913248955975490e-07
2.028000000000000000e+03 2.149750488891945347e-07
2.027000000000000000e+03 2.708291493905181153e-07
2.026000000000000000e+03 3.368843504315644910e-07
2.025000000000000000e+03 3.893654193060179730e-07
2.024000000000000000e+03 4.256219580202516356e-07
2.023000000000000000e+03 4.307509551085949038e-07
2.022000000000000000e+03 4.118884042835361778e-07
2.021000000000000000e+03 3.817818606695980128e-07
2.020000000000000000e+03 3.438042611901713307e-07
2.019000000000000000e+03 3.148243872744187579e-07
2.018000000000000000e+03 2.847870656844775758e-07
2.017000000000000000e+03 2.680331253131680443e-07
2.016000000000000000e+03 2.501721990807549621e-07
2.015000000000000000e+03 2.445075614993017858e-07
2.014000000000000000e+03 2.371016170327759811e-07
2.013000000000000000e+03 2.405307716708345711e-07
2.012000000000000000e+03 2.421774203458530023e-07
2.011000000000000000e+03 2.534723500652002624e-07
2.010000000000000000e+03 2.632885674081681443e-07
2.009000000000000000e+03 2.812064188968059179e-07
2.008000000000000000e+03 2.961209537059372661e-07
2.007000000000000000e+03 3.156605846382434118e-07
2.006000000000000000e+03 3.266682229140136743e-07
2.005000000000000000e+03 3.354509671789896721e-07
2.004000000000000000e+03 3.286792247659806754e-07
2.003000000000000000e+03 3.155875856189880768e-07
2.002000000000000000e+03 2.879727047223878326e-07
2.001000000000000000e+03 2.595195026552524893e-07
2.000000000000000000e+03 2.248463575203583578e-07
1.999000000000000000e+03 1.961909518381309426e-07
1.998000000000000000e+03 1.670282548403623246e-07
1.997000000000000000e+03 1.453321252301266996e-07
1.996000000000000000e+03 1.244940598863058468e-07
1.995000000000000000e+03 1.098495503086927963e-07
1.994000000000000000e+03 9.568543536913279195e-08
1.993000000000000000e+03 8.607291846780730982e-08
1.992000000000000000e+03 7.649541965384668433e-08
1.991000000000000000e+03 7.011523695702076967e-08
1.990000000000000000e+03 6.369124159968181533e-08
1.989000000000000000e+03 5.925304978397197331e-08
1.988000000000000000e+03 5.512520913975360981e-08
1.987000000000000000e+03 5.187458275532024187e-08
1.986000000000000000e+03 4.931395860932557874e-08
1.985000000000000000e+03 4.687781234209658723e-08
1.984000000000000000e+03 4.548493549471885308e-08
1.983000000000000000e+03 4.381453919919309287e-08
1.982000000000000000e+03 4.306430110855069442e-08
1.981000000000000000e+03 4.216707256484671289e-08
1.980000000000000000e+03 4.212065946182887656e-08
1.979000000000000000e+03 4.177626392823979333e-08
1.978000000000000000e+03 4.204334673331462408e-08
1.977000000000000000e+03 4.261056893547990076e-08
1.976000000000000000e+03 4.294687816065044080e-08
1.975000000000000000e+03 4.456862831447839957e-08
1.974000000000000000e+03 4.563257911710214335e-08
1.973000000000000000e+03 4.777134559441902141e-08
1.972000000000000000e+03 4.989389139661342836e-08
1.971000000000000000e+03 5.265838366486615760e-08
1.970000000000000000e+03 5.647785458165214920e-08
1.969000000000000000e+03 6.028888065450998780e-08
1.968000000000000000e+03 6.614327058706569670e-08
1.967000000000000000e+03 7.218988325897308314e-08
1.966000000000000000e+03 7.995923323763930834e-08
1.965000000000000000e+03 9.014097183108670531e-08
1.964000000000000000e+03 1.012800968644828270e-07
1.963000000000000000e+03 1.170305833617892324e-07
1.962000000000000000e+03 1.352741943106101447e-07
1.961000000000000000e+03 1.581317331057989551e-07
1.960000000000000000e+03 1.884477660098635060e-07
1.959000000000000000e+03 2.214061494841921720e-07
1.958000000000000000e+03 2.666909387390904325e-07
1.957000000000000000e+03 3.157539604152191739e-07
1.956000000000000000e+03 3.643115177176377143e-07
1.955000000000000000e+03 4.169634209812198681e-07
1.954000000000000000e+03 4.502389589510537472e-07
1.953000000000000000e+03 4.656116461184251457e-07
1.952000000000000000e+03 4.647009164581197411e-07
1.951000000000000000e+03 4.378369292730429620e-07
1.950000000000000000e+03 4.042056907062934735e-07
1.949000000000000000e+03 3.693531765813774103e-07
1.948000000000000000e+03 3.316851891228470867e-07
1.947000000000000000e+03 2.997094527151038590e-07
1.946000000000000000e+03 2.736459526588037491e-07
1.945000000000000000e+03 2.465784984942434396e-07
1.944000000000000000e+03 2.287613706731707113e-07
1.943000000000000000e+03 2.146897141798002332e-07
1.942000000000000000e+03 2.008011529985657069e-07
1.941000000000000000e+03 1.920011298474849895e-07
1.940000000000000000e+03 1.850948870433097387e-07
1.939000000000000000e+03 1.784433824182698865e-07
1.938000000000000000e+03 1.753140555611891772e-07
1.937000000000000000e+03 1.740607627859479449e-07
1.936000000000000000e+03 1.723827806367219574e-07
1.935000000000000000e+03 1.733053735596772636e-07
1.934000000000000000e+03 1.766275413482815127e-07
1.933000000000000000e+03 1.791518683153309765e-07
1.932000000000000000e+03 1.839816330451053033e-07
1.931000000000000000e+03 1.916043934853949792e-07
1.930000000000000000e+03 1.991305693302965899e-07
1.929000000000000000e+03 2.079211360345960977e-07
1.928000000000000000e+03 2.203246392168707920e-07
1.927000000000000000e+03 2.328859027215677009e-07
1.926000000000000000e+03 2.471161394212655650e-07
1.925000000000000000e+03 2.644183095518597412e-07
1.924000000000000000e+03 2.827052719421951067e-07
1.923000000000000000e+03 3.019875465248955292e-07
1.922000000000000000e+03 3.178008226698508775e-07
1.921000000000000000e+03 3.382970157218795179e-07
1.920000000000000000e+03 3.546056774839058583e-07
1.919000000000000000e+03 3.654600236593867430e-07
1.918000000000000000e+03 3.716456381516888590e-07
1.917000000000000000e+03 3.759025197293512751e-07
1.916000000000000000e+03 3.737989681815870165e-07
1.915000000000000000e+03 3.638106476407177882e-07
1.914000000000000000e+03 3.506932257018417837e-07
1.913000000000000000e+03 3.375575637686743666e-07
1.912000000000000000e+03 3.218220615982560530e-07
1.911000000000000000e+03 3.031978830777053322e-07
1.910000000000000000e+03 2.866719698525525922e-07
1.909000000000000000e+03 2.735849526796545871e-07
1.908000000000000000e+03 2.613885726577068905e-07
1.907000000000000000e+03 2.490412208891799737e-07
1.906000000000000000e+03 2.386506714482577055e-07
1.905000000000000000e+03 2.316991208226585163e-07
1.904000000000000000e+03 2.267319430429191859e-07
1.903000000000000000e+03 2.219750597144963021e-07
1.902000000000000000e+03 2.179634992319735925e-07
1.901000000000000000e+03 2.162055537404992481e-07
1.900000000000000000e+03 2.168040389860803332e-07
1.899000000000000000e+03 2.182541342248218669e-07
1.898000000000000000e+03 2.198038685326973248e-07
1.897000000000000000e+03 2.221900737928268420e-07
1.896000000000000000e+03 2.265347797030256224e-07
1.895000000000000000e+03 2.327469537280277310e-07
1.894000000000000000e+03 2.397514137245419807e-07
1.893000000000000000e+03 2.468266259792815580e-07
1.892000000000000000e+03 2.546421088250567100e-07
1.891000000000000000e+03 2.640805567160389031e-07
1.890000000000000000e+03 2.754953206883684452e-07
1.889000000000000000e+03 2.879931406086292063e-07
1.888000000000000000e+03 3.007354743943709416e-07
1.887000000000000000e+03 3.135550284234189854e-07
1.886000000000000000e+03 3.271554313959600256e-07
1.885000000000000000e+03 3.423733868764944094e-07
1.884000000000000000e+03 3.589262427342415884e-07
1.883000000000000000e+03 3.758384383080908249e-07
1.882000000000000000e+03 3.920230983517942242e-07
1.881000000000000000e+03 4.069516077956502682e-07
1.880000000000000000e+03 4.213452487119636623e-07
1.879000000000000000e+03 4.355697662506146294e-07
1.878000000000000000e+03 4.497847608393311448e-07
1.877000000000000000e+03 4.631514944331237674e-07
1.876000000000000000e+03 4.745823338100154347e-07
1.875000000000000000e+03 4.836185276915634271e-07
1.874000000000000000e+03 4.902526024270584493e-07
1.873000000000000000e+03 4.952007134800304916e-07
1.872000000000000000e+03 4.997282405817097334e-07
1.871000000000000000e+03 5.041193942111082605e-07
1.870000000000000000e+03 5.089795583015174516e-07
1.869000000000000000e+03 5.137645027068779410e-07
1.868000000000000000e+03 5.185418543055656387e-07
1.867000000000000000e+03 5.235258852475979266e-07
1.866000000000000000e+03 5.289139483262180278e-07
1.865000000000000000e+03 5.357677366956017524e-07
1.864000000000000000e+03 5.443924116852652489e-07
1.863000000000000000e+03 5.558030181936883537e-07
1.862000000000000000e+03 5.704092856202196369e-07
1.861000000000000000e+03 5.885622749386073875e-07
1.860000000000000000e+03 6.102871279496512021e-07
1.859000000000000000e+03 6.358452488297969253e-07
1.858000000000000000e+03 6.653068267297151722e-07
1.857000000000000000e+03 6.989057664887655886e-07
1.856000000000000000e+03 7.369428955254131075e-07
1.855000000000000000e+03 7.801951862488975269e-07
1.854000000000000000e+03 8.291536134246789338e-07
1.853000000000000000e+03 8.847397397621921415e-07
1.852000000000000000e+03 9.480352460645279470e-07
1.851000000000000000e+03 1.019808163144501946e-06
1.850000000000000000e+03 1.101827183322660485e-06
1.849000000000000000e+03 1.195474536866656570e-06
1.848000000000000000e+03 1.302159215645880588e-06
1.847000000000000000e+03 1.423422631836581022e-06
1.846000000000000000e+03 1.562407399457689926e-06
1.845000000000000000e+03 1.721225070335290605e-06
1.844000000000000000e+03 1.903602578414323526e-06
1.843000000000000000e+03 2.113150356203199247e-06
1.842000000000000000e+03 2.354293307912163030e-06
1.841000000000000000e+03 2.633853892237856513e-06
1.840000000000000000e+03 2.958590522361251571e-06
1.839000000000000000e+03 3.337267394178219856e-06
1.838000000000000000e+03 3.780550728659703831e-06
1.837000000000000000e+03 4.301126835053269302e-06
1.836000000000000000e+03 4.917335915599099061e-06
1.835000000000000000e+03 5.648758498865554206e-06
1.834000000000000000e+03 6.518965228619808989e-06
1.833000000000000000e+03 7.560916132075618411e-06
1.832000000000000000e+03 8.809399812785927616e-06
1.831000000000000000e+03 1.031615746330729167e-05
1.830000000000000000e+03 1.213159918949051122e-05
1.829000000000000000e+03 1.432592896587951779e-05
1.828000000000000000e+03 1.697359222860606539e-05
1.827000000000000000e+03 2.017165457510741521e-05
1.826000000000000000e+03 2.402254063893123501e-05
1.825000000000000000e+03 2.864084538940086817e-05
1.824000000000000000e+03 3.414513804413874123e-05
1.823000000000000000e+03 4.068147023884498639e-05
1.822000000000000000e+03 4.839321771759375914e-05
1.821000000000000000e+03 5.741576391214611025e-05
1.820000000000000000e+03 6.792029616959290614e-05
1.819000000000000000e+03 8.011416820401641523e-05
1.818000000000000000e+03 9.419845437302338642e-05
1.817000000000000000e+03 1.104633465577526313e-04
1.816000000000000000e+03 1.291886715717976812e-04
1.815000000000000000e+03 1.508713109585973718e-04
1.814000000000000000e+03 1.760341187766828138e-04
1.813000000000000000e+03 2.053846737105000369e-04
1.812000000000000000e+03 2.398789505577280799e-04
1.811000000000000000e+03 2.806585409180881348e-04
1.810000000000000000e+03 3.292404650225214243e-04
1.809000000000000000e+03 3.876776872174713057e-04
1.808000000000000000e+03 4.586253162978408860e-04
1.807000000000000000e+03 5.455639974274011919e-04
1.806000000000000000e+03 6.532737819441115706e-04
1.805000000000000000e+03 7.876712317991171062e-04
1.804000000000000000e+03 9.567269626857386085e-04
1.803000000000000000e+03 1.170852142476547057e-03
1.802000000000000000e+03 1.443780164435273751e-03
1.801000000000000000e+03 1.793143731802929099e-03
1.800000000000000000e+03 2.242016942678927861e-03
1.799000000000000000e+03 2.821066838357564038e-03
1.798000000000000000e+03 3.565725797903435221e-03
1.797000000000000000e+03 4.519147574228774174e-03
1.796000000000000000e+03 5.720004118773101484e-03
1.795000000000000000e+03 7.186869545922533117e-03
1.794000000000000000e+03 8.900278731473258015e-03
1.793000000000000000e+03 1.077133675878904663e-02
1.792000000000000000e+03 1.265128399677101050e-02
1.791000000000000000e+03 1.436504291832291225e-02
1.790000000000000000e+03 1.576364346502258373e-02
1.789000000000000000e+03 1.677687154887628346e-02
1.788000000000000000e+03 1.741604587835547321e-02
1.787000000000000000e+03 1.774951987564267128e-02
1.786000000000000000e+03 1.787886084020080119e-02
1.785000000000000000e+03 1.791531237266008603e-02
1.784000000000000000e+03 1.794032110588462958e-02
1.783000000000000000e+03 1.801669078279298161e-02
1.782000000000000000e+03 1.815359943147271810e-02
1.781000000000000000e+03 1.834134763422025707e-02
1.780000000000000000e+03 1.858013019052730946e-02
1.779000000000000000e+03 1.888061940886981427e-02
1.778000000000000000e+03 1.923990220772664461e-02
1.777000000000000000e+03 1.965092075387008322e-02
1.776000000000000000e+03 2.007785821280360164e-02
1.775000000000000000e+03 2.051448362262223504e-02
1.774000000000000000e+03 2.095875100274771641e-02
1.773000000000000000e+03 2.141195535888063689e-02
1.772000000000000000e+03 2.186745638797597466e-02
1.771000000000000000e+03 2.229551057654553456e-02
1.770000000000000000e+03 2.269871255593883599e-02
1.769000000000000000e+03 2.307103862656125631e-02
1.768000000000000000e+03 2.341408736890406711e-02
1.767000000000000000e+03 2.371537707910379572e-02
1.766000000000000000e+03 2.394955220554645034e-02
1.765000000000000000e+03 2.413205205702763020e-02
1.764000000000000000e+03 2.425402049769527155e-02
1.763000000000000000e+03 2.431323526097463675e-02
1.762000000000000000e+03 2.430243719786416567e-02
1.761000000000000000e+03 2.422289892022453858e-02
1.760000000000000000e+03 2.408960313007910831e-02
1.759000000000000000e+03 2.389973594330705928e-02
1.758000000000000000e+03 2.366218294657668544e-02
1.757000000000000000e+03 2.338880482475049274e-02
1.756000000000000000e+03 2.308353072805627293e-02
1.755000000000000000e+03 2.276673085647606259e-02
1.754000000000000000e+03 2.244601155816509236e-02
1.753000000000000000e+03 2.212841545055356171e-02
1.752000000000000000e+03 2.181590817768386606e-02
1.751000000000000000e+03 2.153820919839954592e-02
1.750000000000000000e+03 2.129495046433259320e-02
1.749000000000000000e+03 2.106733015756472038e-02
1.748000000000000000e+03 2.089855426420358583e-02
1.747000000000000000e+03 2.078259730528051255e-02
1.746000000000000000e+03 2.069514335883892997e-02
1.745000000000000000e+03 2.066216611368667730e-02
1.744000000000000000e+03 2.069550352543978594e-02
1.743000000000000000e+03 2.074761859794678129e-02
1.742000000000000000e+03 2.085812541208091273e-02
1.741000000000000000e+03 2.102062063615970158e-02
1.740000000000000000e+03 2.117826018163326829e-02
1.739000000000000000e+03 2.138553716511026187e-02
1.738000000000000000e+03 2.162246078953758421e-02
1.737000000000000000e+03 2.182596234701801238e-02
1.736000000000000000e+03 2.206222815806493237e-02
1.735000000000000000e+03 2.229373909133888082e-02
1.734000000000000000e+03 2.246548031818267413e-02
1.733000000000000000e+03 2.265264970573864847e-02
1.732000000000000000e+03 2.277434846428944351e-02
1.731000000000000000e+03 2.283302397256232324e-02
1.730000000000000000e+03 2.289023566171497284e-02
1.729000000000000000e+03 2.281651729959021171e-02
1.728000000000000000e+03 2.271818189107914499e-02
1.727000000000000000e+03 2.255041136461218704e-02
1.726000000000000000e+03 2.226493995821323194e-02
1.725000000000000000e+03 2.197988988235010169e-02
1.724000000000000000e+03 2.155974805300185301e-02
1.723000000000000000e+03 2.111621498392047755e-02
1.722000000000000000e+03 2.062835136231019884e-02
1.721000000000000000e+03 2.005121569241085505e-02
1.720000000000000000e+03 1.952788546329657995e-02
1.719000000000000000e+03 1.889730977281740137e-02
1.718000000000000000e+03 1.835115839430673593e-02
1.717000000000000000e+03 1.776639629598886910e-02
1.716000000000000000e+03 1.723011261104615693e-02
1.715000000000000000e+03 1.676955511272433877e-02
1.714000000000000000e+03 1.630395163354728463e-02
1.713000000000000000e+03 1.600370878377868622e-02
1.712000000000000000e+03 1.567731172103975154e-02
1.711000000000000000e+03 1.556140445944287180e-02
1.710000000000000000e+03 1.542775545596044434e-02
1.709000000000000000e+03 1.550221465222565743e-02
1.708000000000000000e+03 1.558474508004962893e-02
1.707000000000000000e+03 1.584366477579247576e-02
1.706000000000000000e+03 1.613392732540609026e-02
1.705000000000000000e+03 1.656381953078260930e-02
1.704000000000000000e+03 1.702384228115881928e-02
1.703000000000000000e+03 1.758083145410857875e-02
1.702000000000000000e+03 1.815259902726432117e-02
1.701000000000000000e+03 1.878320448171977297e-02
1.700000000000000000e+03 1.939746778933139695e-02
1.699000000000000000e+03 2.004399791796715111e-02
1.698000000000000000e+03 2.062136034018750841e-02
1.697000000000000000e+03 2.122593102317944791e-02
1.696000000000000000e+03 2.170129765567283681e-02
1.695000000000000000e+03 2.221309905018436018e-02
1.694000000000000000e+03 2.253229913330810977e-02
1.693000000000000000e+03 2.291030379769953482e-02
1.692000000000000000e+03 2.303984372256197635e-02
1.691000000000000000e+03 2.324093460893069535e-02
1.690000000000000000e+03 2.318182323583888732e-02
1.689000000000000000e+03 2.317969645262644290e-02
1.688000000000000000e+03 2.296009130381972130e-02
1.687000000000000000e+03 2.272529420739182252e-02
1.686000000000000000e+03 2.240675375057131491e-02
1.685000000000000000e+03 2.195180299818835432e-02
1.684000000000000000e+03 2.157917029958404675e-02
1.683000000000000000e+03 2.098991846200158259e-02
1.682000000000000000e+03 2.056409258828083980e-02
1.681000000000000000e+03 1.998889560915120822e-02
1.680000000000000000e+03 1.949687025833245907e-02
1.679000000000000000e+03 1.907601902977186861e-02
1.678000000000000000e+03 1.857132199296684244e-02
1.677000000000000000e+03 1.832183941662792609e-02
1.676000000000000000e+03 1.798628416923914175e-02
1.675000000000000000e+03 1.781001732923877950e-02
1.674000000000000000e+03 1.779041494495387996e-02
1.673000000000000000e+03 1.770103594980587322e-02
1.672000000000000000e+03 1.789942030815749527e-02
1.671000000000000000e+03 1.807979290714553308e-02
1.670000000000000000e+03 1.829952176130409877e-02
1.669000000000000000e+03 1.876106494222441398e-02
1.668000000000000000e+03 1.909457899858511137e-02
1.667000000000000000e+03 1.952287731363865075e-02
1.666000000000000000e+03 2.008188898997673166e-02
1.665000000000000000e+03 2.044007866360399855e-02
1.664000000000000000e+03 2.088804551068757648e-02
1.663000000000000000e+03 2.135811888511798470e-02
1.662000000000000000e+03 2.158110103861106063e-02
1.661000000000000000e+03 2.183405214257254021e-02
1.660000000000000000e+03 2.207557814190640177e-02
1.659000000000000000e+03 2.202667004496421110e-02
1.658000000000000000e+03 2.194538475455956247e-02
1.657000000000000000e+03 2.187133682802000836e-02
1.656000000000000000e+03 2.152595357714268132e-02
1.655000000000000000e+03 2.105028763919309168e-02
1.654000000000000000e+03 2.065015291616231763e-02
1.653000000000000000e+03 2.009638949311175204e-02
1.652000000000000000e+03 1.933476059296147451e-02
1.651000000000000000e+03 1.864868584361141848e-02
1.650000000000000000e+03 1.802131463770998906e-02
1.649000000000000000e+03 1.723678058457531539e-02
1.648000000000000000e+03 1.641846933820773763e-02
1.647000000000000000e+03 1.580419838594699158e-02
1.646000000000000000e+03 1.527991192236789232e-02
1.645000000000000000e+03 1.469387179500040302e-02
1.644000000000000000e+03 1.419307980786034713e-02
1.643000000000000000e+03 1.397882625006705015e-02
1.642000000000000000e+03 1.394417985603782842e-02
1.641000000000000000e+03 1.391927129865897991e-02
1.640000000000000000e+03 1.399162818369592727e-02
1.639000000000000000e+03 1.434641593654384373e-02
1.638000000000000000e+03 1.493740810524630917e-02
1.637000000000000000e+03 1.558941993054283048e-02
1.636000000000000000e+03 1.623357167543689611e-02
1.635000000000000000e+03 1.699490453625694328e-02
1.634000000000000000e+03 1.794617678589273402e-02
1.633000000000000000e+03 1.898724132256721792e-02
1.632000000000000000e+03 1.996948567165952870e-02
1.631000000000000000e+03 2.082758982532733477e-02
1.630000000000000000e+03 2.164384715355392730e-02
1.629000000000000000e+03 2.247310926740216791e-02
1.628000000000000000e+03 2.328007069110505159e-02
1.627000000000000000e+03 2.395827170074267196e-02
1.626000000000000000e+03 2.442509948923104676e-02
1.625000000000000000e+03 2.467762354777600087e-02
1.624000000000000000e+03 2.476628329948120377e-02
1.623000000000000000e+03 2.474562140425539195e-02
1.622000000000000000e+03 2.464198016984271364e-02
1.621000000000000000e+03 2.442976839618752130e-02
1.620000000000000000e+03 2.407007252986081980e-02
1.619000000000000000e+03 2.355846648510776659e-02
1.618000000000000000e+03 2.291512278084880880e-02
1.617000000000000000e+03 2.220398944089112606e-02
1.616000000000000000e+03 2.147303055183244838e-02
1.615000000000000000e+03 2.079746299188670045e-02
1.614000000000000000e+03 2.020205133238638096e-02
1.613000000000000000e+03 1.971620007306711803e-02
1.612000000000000000e+03 1.934088193445538881e-02
1.611000000000000000e+03 1.908264703039041013e-02
1.610000000000000000e+03 1.894881017466893205e-02
1.609000000000000000e+03 1.893707696531387458e-02
1.608000000000000000e+03 1.905585261119862109e-02
1.607000000000000000e+03 1.929666489784027592e-02
1.606000000000000000e+03 1.966907461346842009e-02
1.605000000000000000e+03 2.014352880124855444e-02
1.604000000000000000e+03 2.071053117856042763e-02
1.603000000000000000e+03 2.133595371776493901e-02
1.602000000000000000e+03 2.198528852812578829e-02
1.601000000000000000e+03 2.263377077527678818e-02
1.600000000000000000e+03 2.322973643357737969e-02
1.599000000000000000e+03 2.374954540608062784e-02
1.598000000000000000e+03 2.414683670575044905e-02
1.597000000000000000e+03 2.441602863728920686e-02
1.596000000000000000e+03 2.451424555245065862e-02
1.595000000000000000e+03 2.444080732294277858e-02
1.594000000000000000e+03 2.418193368685307015e-02
1.593000000000000000e+03 2.373559662247713350e-02
1.592000000000000000e+03 2.311392864953818946e-02
1.591000000000000000e+03 2.232917194520010751e-02
1.590000000000000000e+03 2.140688884009921827e-02
1.589000000000000000e+03 2.037144308982357169e-02
1.588000000000000000e+03 1.926890392355926421e-02
1.587000000000000000e+03 1.813698441715727236e-02
1.586000000000000000e+03 1.701571575680153534e-02
1.585000000000000000e+03 1.596897913478727976e-02
1.584000000000000000e+03 1.502558773162335215e-02
1.583000000000000000e+03 1.423589788670756237e-02
1.582000000000000000e+03 1.362761568223943773e-02
1.581000000000000000e+03 1.322144420961328913e-02
1.580000000000000000e+03 1.303581165798072677e-02
1.579000000000000000e+03 1.307023154854254285e-02
1.578000000000000000e+03 1.333392797214628597e-02
1.577000000000000000e+03 1.382405454559750176e-02
1.576000000000000000e+03 1.455373252263173628e-02
1.575000000000000000e+03 1.550395913641068775e-02
1.574000000000000000e+03 1.665855587218838252e-02
1.573000000000000000e+03 1.796425077151615063e-02
1.572000000000000000e+03 1.932405294522169040e-02
1.571000000000000000e+03 2.063695270909074800e-02
1.570000000000000000e+03 2.180369537139183883e-02
1.569000000000000000e+03 2.277825939837423153e-02
1.568000000000000000e+03 2.356789866759373409e-02
1.567000000000000000e+03 2.421580976952301262e-02
1.566000000000000000e+03 2.475702904701922863e-02
1.565000000000000000e+03 2.510500789895176929e-02
1.564000000000000000e+03 2.516325657219991782e-02
1.563000000000000000e+03 2.482503108327616115e-02
1.562000000000000000e+03 2.415882490272175734e-02
1.561000000000000000e+03 2.334725588213088648e-02
1.560000000000000000e+03 2.251939887276706992e-02
1.559000000000000000e+03 2.168865606965984794e-02
1.558000000000000000e+03 2.066138050215788821e-02
1.557000000000000000e+03 1.944185270093896217e-02
1.556000000000000000e+03 1.829046926297379916e-02
1.555000000000000000e+03 1.747911501299316897e-02
1.554000000000000000e+03 1.694120849895071335e-02
1.553000000000000000e+03 1.639458797491021719e-02
1.552000000000000000e+03 1.589468219206223790e-02
1.551000000000000000e+03 1.582295871561365322e-02
1.550000000000000000e+03 1.624054060574731811e-02
1.549000000000000000e+03 1.673911093498266223e-02
1.548000000000000000e+03 1.715903206255894528e-02
1.547000000000000000e+03 1.790863624780926824e-02
1.546000000000000000e+03 1.905955393867880127e-02
1.545000000000000000e+03 2.003410821512845857e-02
1.544000000000000000e+03 2.074887300104612947e-02
1.543000000000000000e+03 2.170385744593328683e-02
1.542000000000000000e+03 2.271315445232393454e-02
1.541000000000000000e+03 2.317110154942159453e-02
1.540000000000000000e+03 2.344829141729452837e-02
1.539000000000000000e+03 2.395323041386110061e-02
1.538000000000000000e+03 2.394921035307663940e-02
1.537000000000000000e+03 2.355044599138199010e-02
1.536000000000000000e+03 2.348713896642266874e-02
1.535000000000000000e+03 2.309870227642049287e-02
1.534000000000000000e+03 2.235433768367798765e-02
1.533000000000000000e+03 2.214288120376804378e-02
1.532000000000000000e+03 2.173302487316897125e-02
1.531000000000000000e+03 2.119242929934728875e-02
1.530000000000000000e+03 2.137475566938596555e-02
1.529000000000000000e+03 2.130211382526011471e-02
1.528000000000000000e+03 2.140749755283980274e-02
1.527000000000000000e+03 2.214422430497154856e-02
1.526000000000000000e+03 2.241693985477311024e-02
1.525000000000000000e+03 2.315419381402392465e-02
1.524000000000000000e+03 2.394523484975837058e-02
1.523000000000000000e+03 2.423691008923496357e-02
1.522000000000000000e+03 2.502170628789055634e-02
1.521000000000000000e+03 2.503561600582801874e-02
1.520000000000000000e+03 2.508920846229575549e-02
1.519000000000000000e+03 2.490557116035947011e-02
1.518000000000000000e+03 2.405442615555918734e-02
1.517000000000000000e+03 2.352428740098468085e-02
1.516000000000000000e+03 2.208683008293541028e-02
1.515000000000000000e+03 2.124826728929485320e-02
1.514000000000000000e+03 1.982460512185495877e-02
1.513000000000000000e+03 1.907047124101922744e-02
1.512000000000000000e+03 1.838973783094679723e-02
1.511000000000000000e+03 1.835342414142786607e-02
1.510000000000000000e+03 1.897629016346717365e-02
1.509000000000000000e+03 2.010082511410022504e-02
1.508000000000000000e+03 2.199231601003079697e-02
1.507000000000000000e+03 2.400711955895694708e-02
1.506000000000000000e+03 2.629777277756984583e-02
1.505000000000000000e+03 2.805017626171339706e-02
1.504000000000000000e+03 2.924532555559976321e-02
1.503000000000000000e+03 2.925561072336214929e-02
1.502000000000000000e+03 2.792922831058548827e-02
1.501000000000000000e+03 2.548358116034036072e-02
1.500000000000000000e+03 2.198111244918932172e-02
1.499000000000000000e+03 1.978890394766884969e-02
1.498000000000000000e+03 2.068268054144683024e-02
1.497000000000000000e+03 3.082852607600242156e-02
1.496000000000000000e+03 5.359390532309899619e-02
1.495000000000000000e+03 9.140492701234274875e-02
1.494000000000000000e+03 1.367662781323329968e-01
1.493000000000000000e+03 1.785336313452471069e-01
1.492000000000000000e+03 2.083381002684647210e-01
1.491000000000000000e+03 2.252446975258458883e-01
1.490000000000000000e+03 2.329688042726500430e-01
1.489000000000000000e+03 2.351224729770891309e-01
1.488000000000000000e+03 2.347291337807863587e-01
1.487000000000000000e+03 2.333402707133621079e-01
1.486000000000000000e+03 2.316307338290775619e-01
1.485000000000000000e+03 2.302248710883612881e-01
1.484000000000000000e+03 2.293020056050423527e-01
1.483000000000000000e+03 2.287710812753505352e-01
1.482000000000000000e+03 2.289256792151703190e-01
1.481000000000000000e+03 2.295292461188937483e-01
1.480000000000000000e+03 2.303498111858684472e-01
1.479000000000000000e+03 2.314750418292365053e-01
1.478000000000000000e+03 2.324060768334357263e-01
1.477000000000000000e+03 2.330199097756912863e-01
1.476000000000000000e+03 2.334234433880034432e-01
1.475000000000000000e+03 2.332945494991209012e-01
1.474000000000000000e+03 2.320644444402180928e-01
1.473000000000000000e+03 2.286007325483522257e-01
1.472000000000000000e+03 2.204785205278200211e-01
1.471000000000000000e+03 2.062639515064530471e-01
1.470000000000000000e+03 1.864871872025181399e-01
1.469000000000000000e+03 1.631584622408191465e-01
1.468000000000000000e+03 1.390218688752292431e-01
1.467000000000000000e+03 1.164004296159096008e-01
1.466000000000000000e+03 9.640900877123935453e-02
1.465000000000000000e+03 7.944408962691683340e-02
1.464000000000000000e+03 6.546604766932857811e-02
1.463000000000000000e+03 5.410063214664409537e-02
1.462000000000000000e+03 4.488713870532255734e-02
1.461000000000000000e+03 3.748576451291212031e-02
1.460000000000000000e+03 3.150197694152701011e-02
1.459000000000000000e+03 2.664471135192061912e-02
1.458000000000000000e+03 2.269228333070081802e-02
1.457000000000000000e+03 1.946491997498729296e-02
1.456000000000000000e+03 1.680064556580461096e-02
1.455000000000000000e+03 1.459813129304231294e-02
1.454000000000000000e+03 1.276965792866956335e-02
1.453000000000000000e+03 1.123657388958717099e-02
1.452000000000000000e+03 9.952370494771062975e-03
1.451000000000000000e+03 8.879320525723885874e-03
1.450000000000000000e+03 7.971560980472202490e-03
1.449000000000000000e+03 7.210038262666577068e-03
1.448000000000000000e+03 6.575521062808813676e-03
1.447000000000000000e+03 6.045976737217489960e-03
1.446000000000000000e+03 5.607265845201811483e-03
1.445000000000000000e+03 5.256251776798473614e-03
1.444000000000000000e+03 4.982681840515633745e-03
1.443000000000000000e+03 4.779629305244491658e-03
1.442000000000000000e+03 4.653549550136705168e-03
1.441000000000000000e+03 4.612716574433639756e-03
1.440000000000000000e+03 4.668710164853202664e-03
1.439000000000000000e+03 4.852750282144398415e-03
1.438000000000000000e+03 5.187178880755789236e-03
1.437000000000000000e+03 5.589327573737820111e-03
1.436000000000000000e+03 5.739207010990244814e-03
1.435000000000000000e+03 5.451056891888812067e-03
1.434000000000000000e+03 5.076765036257622349e-03
1.433000000000000000e+03 4.891142864183836703e-03
1.432000000000000000e+03 4.919896477292170188e-03
1.431000000000000000e+03 5.123353013748581028e-03
1.430000000000000000e+03 5.478828924367160763e-03
1.429000000000000000e+03 5.990811887590086898e-03
1.428000000000000000e+03 6.678787918092224038e-03
1.427000000000000000e+03 7.566621083177726796e-03
1.426000000000000000e+03 8.676364683130868491e-03
1.425000000000000000e+03 1.001952335204731558e-02
1.424000000000000000e+03 1.153506120336381634e-02
1.423000000000000000e+03 1.302533109260170692e-02
1.422000000000000000e+03 1.414045292463381870e-02
1.421000000000000000e+03 1.447257009543160937e-02
1.420000000000000000e+03 1.379708870536868436e-02
1.419000000000000000e+03 1.228924189810733092e-02
1.418000000000000000e+03 1.041645583744232710e-02
1.417000000000000000e+03 8.581036601197139166e-03
1.416000000000000000e+03 6.987414823570303919e-03
1.415000000000000000e+03 5.694222646761615270e-03
1.414000000000000000e+03 4.681358830346901527e-03
1.413000000000000000e+03 3.895979539388387189e-03
1.412000000000000000e+03 3.283463834635920193e-03
1.411000000000000000e+03 2.806728792258521895e-03
1.410000000000000000e+03 2.434077853823307398e-03
1.409000000000000000e+03 2.138360934182112049e-03
1.408000000000000000e+03 1.900858428392855539e-03
1.407000000000000000e+03 1.710483009532605229e-03
1.406000000000000000e+03 1.556602703298092319e-03
1.405000000000000000e+03 1.430275272379056975e-03
1.404000000000000000e+03 1.326614072263580585e-03
1.403000000000000000e+03 1.242191649815226062e-03
1.402000000000000000e+03 1.173206958197949576e-03
1.401000000000000000e+03 1.116087776629341331e-03
1.400000000000000000e+03 1.069719459187045817e-03
1.399000000000000000e+03 1.033778536620335361e-03
1.398000000000000000e+03 1.006353580401158970e-03
1.397000000000000000e+03 9.856512028392483676e-04
1.396000000000000000e+03 9.721586164937153288e-04
1.395000000000000000e+03 9.658203836116891188e-04
1.394000000000000000e+03 9.659207651947964096e-04
1.393000000000000000e+03 9.716352335415727893e-04
1.392000000000000000e+03 9.838537833253932930e-04
1.391000000000000000e+03 1.003366559748850896e-03
1.390000000000000000e+03 1.029436429453659376e-03
1.389000000000000000e+03 1.062949704523014679e-03
1.388000000000000000e+03 1.105067775933442223e-03
1.387000000000000000e+03 1.158098273216319994e-03
1.386000000000000000e+03 1.222217751155416782e-03
1.385000000000000000e+03 1.299765613797186506e-03
1.384000000000000000e+03 1.393656656477531685e-03
1.383000000000000000e+03 1.507718784268106092e-03
1.382000000000000000e+03 1.644120794116741332e-03
1.381000000000000000e+03 1.805315908922989652e-03
1.380000000000000000e+03 1.994198587249780032e-03
1.379000000000000000e+03 2.209050271536833546e-03
1.378000000000000000e+03 2.440479589350015143e-03
1.377000000000000000e+03 2.667206696571081722e-03
1.376000000000000000e+03 2.855654144009015655e-03
1.375000000000000000e+03 2.965144601596535461e-03
1.374000000000000000e+03 2.961519290390579769e-03
1.373000000000000000e+03 2.842143886155507147e-03
1.372000000000000000e+03 2.643441133209139312e-03
1.371000000000000000e+03 2.408599328720300529e-03
1.370000000000000000e+03 2.135662864483199412e-03
1.369000000000000000e+03 1.806524802631255403e-03
1.368000000000000000e+03 1.479735268178221201e-03
1.367000000000000000e+03 1.209684073396741309e-03
1.366000000000000000e+03 1.001168575880148235e-03
1.365000000000000000e+03 8.417787870276138189e-04
1.364000000000000000e+03 7.191113857172341198e-04
1.363000000000000000e+03 6.237142040306951560e-04
1.362000000000000000e+03 5.490017626040977336e-04
1.361000000000000000e+03 4.901163872056555270e-04
1.360000000000000000e+03 4.433658132963867607e-04
1.359000000000000000e+03 4.061853082997629312e-04
1.358000000000000000e+03 3.767111234203306016e-04
1.357000000000000000e+03 3.537052119497752244e-04
1.356000000000000000e+03 3.359428436337333910e-04
1.355000000000000000e+03 3.227363611981254538e-04
1.354000000000000000e+03 3.135539842444259222e-04
1.353000000000000000e+03 3.081548678079998761e-04
1.352000000000000000e+03 3.063466786529259948e-04
1.351000000000000000e+03 3.079567193710113448e-04
1.350000000000000000e+03 3.132286347995615256e-04
1.349000000000000000e+03 3.222088302915956655e-04
1.348000000000000000e+03 3.354252379293573495e-04
1.347000000000000000e+03 3.532483700984090759e-04
1.346000000000000000e+03 3.764402809750149229e-04
1.345000000000000000e+03 4.059143813390436251e-04
1.344000000000000000e+03 4.427050206713753619e-04
1.343000000000000000e+03 4.883735006511402904e-04
1.342000000000000000e+03 5.449872372031870291e-04
1.341000000000000000e+03 6.146646002027050370e-04
1.340000000000000000e+03 7.004679553936391748e-04
1.339000000000000000e+03 8.055048675357557621e-04
1.338000000000000000e+03 9.328623183956438487e-04
1.337000000000000000e+03 1.085223244052560022e-03
1.336000000000000000e+03 1.262345003881508183e-03
1.335000000000000000e+03 1.458307281002008170e-03
1.334000000000000000e+03 1.659538923102193975e-03
1.333000000000000000e+03 1.841313322709556147e-03
1.332000000000000000e+03 1.973314583557915849e-03
1.331000000000000000e+03 2.031511677884745466e-03
1.330000000000000000e+03 2.012762030058800038e-03
1.329000000000000000e+03 1.938484160179034183e-03
1.328000000000000000e+03 1.830911367521524235e-03
1.327000000000000000e+03 1.701053412164054736e-03
1.326000000000000000e+03 1.541446554848329310e-03
1.325000000000000000e+03 1.334400147457520495e-03
1.324000000000000000e+03 1.071971552858259511e-03
1.323000000000000000e+03 7.835471091269506378e-04
1.322000000000000000e+03 5.299819034912225989e-04
1.321000000000000000e+03 3.552726636879753553e-04
1.320000000000000000e+03 2.570902083445642775e-04
1.319000000000000000e+03 2.068750455608110109e-04
1.318000000000000000e+03 1.782505331223215668e-04
1.317000000000000000e+03 1.563616716499560189e-04
1.316000000000000000e+03 1.361016466713737205e-04
1.315000000000000000e+03 1.177347665600729943e-04
1.314000000000000000e+03 1.034224534401082153e-04
1.313000000000000000e+03 9.505416472061799303e-05
1.312000000000000000e+03 9.334929971989806027e-05
1.311000000000000000e+03 9.752860446140991307e-05
1.310000000000000000e+03 1.057689621608741615e-04
1.309000000000000000e+03 1.156038918429246087e-04
1.308000000000000000e+03 1.248831066154889018e-04
1.307000000000000000e+03 1.318456453278462096e-04
1.306000000000000000e+03 1.354222071426924899e-04
1.305000000000000000e+03 1.353493994054858927e-04
1.304000000000000000e+03 1.317574674653449222e-04
1.303000000000000000e+03 1.253093881819286473e-04
1.302000000000000000e+03 1.167287821306865081e-04
1.301000000000000000e+03 1.068514612636646853e-04
1.300000000000000000e+03 9.649892372012378451e-05
1.299000000000000000e+03 8.670402890386201252e-05
1.298000000000000000e+03 7.889147501003266488e-05
1.297000000000000000e+03 7.457929605277576510e-05
1.296000000000000000e+03 7.461541892199648771e-05
1.295000000000000000e+03 7.815269584342757626e-05
1.294000000000000000e+03 8.289898607154958660e-05
1.293000000000000000e+03 8.684374187318583029e-05
1.292000000000000000e+03 9.007978678453138161e-05
1.291000000000000000e+03 9.431940663535890552e-05
1.290000000000000000e+03 9.959714036847124301e-05
1.289000000000000000e+03 1.026549343034436631e-04
1.288000000000000000e+03 1.008445968797899635e-04
1.287000000000000000e+03 9.761608440304196438e-05
1.286000000000000000e+03 9.640674936275015427e-05
1.285000000000000000e+03 9.310004760147648473e-05
1.284000000000000000e+03 8.550113113125143991e-05
1.283000000000000000e+03 8.072693584386702638e-05
1.282000000000000000e+03 7.957744658694431892e-05
1.281000000000000000e+03 7.489921782456505537e-05
1.280000000000000000e+03 7.269594729418555224e-05
1.279000000000000000e+03 7.718117325609105195e-05
1.278000000000000000e+03 7.809580009838849293e-05
1.277000000000000000e+03 8.174858312789193813e-05
1.276000000000000000e+03 9.112148666272125452e-05
1.275000000000000000e+03 9.416109840199999019e-05
1.274000000000000000e+03 1.021992989991158871e-04
1.273000000000000000e+03 1.091331507160939564e-04
1.272000000000000000e+03 1.101863797382686400e-04
1.271000000000000000e+03 1.171691671670833603e-04
1.270000000000000000e+03 1.138256695263085419e-04
1.269000000000000000e+03 1.158381143989165799e-04
1.268000000000000000e+03 1.115281980932201518e-04
1.267000000000000000e+03 1.089306282561435630e-04
1.266000000000000000e+03 1.058297953360335834e-04
1.265000000000000000e+03 1.020385500922529458e-04
1.264000000000000000e+03 1.016396288022057733e-04
1.263000000000000000e+03 9.997656871459453484e-05
1.262000000000000000e+03 1.024290031597652873e-04
1.261000000000000000e+03 1.048311381682962619e-04
1.260000000000000000e+03 1.085948881592265543e-04
1.259000000000000000e+03 1.154511441691695662e-04
1.258000000000000000e+03 1.175222874105946632e-04
1.257000000000000000e+03 1.273555843466934046e-04
1.256000000000000000e+03 1.268648877569219808e-04
1.255000000000000000e+03 1.343284564902849361e-04
1.254000000000000000e+03 1.347681262857761424e-04
1.253000000000000000e+03 1.333546521887463382e-04
1.252000000000000000e+03 1.369930434792619061e-04
1.251000000000000000e+03 1.301066147403944168e-04
1.250000000000000000e+03 1.285767587685372423e-04
1.249000000000000000e+03 1.284094131525079837e-04
1.248000000000000000e+03 1.203175493270339680e-04
1.247000000000000000e+03 1.196479924685342776e-04
1.246000000000000000e+03 1.217948960431881542e-04
1.245000000000000000e+03 1.172820334963314880e-04
1.244000000000000000e+03 1.173696276205132393e-04
1.243000000000000000e+03 1.236712773105353499e-04
1.242000000000000000e+03 1.251354478157750089e-04
1.241000000000000000e+03 1.232473338879028343e-04
1.240000000000000000e+03 1.257727822678013320e-04
1.239000000000000000e+03 1.297386520190657838e-04
1.238000000000000000e+03 1.291801481161173595e-04
1.237000000000000000e+03 1.239947643377382761e-04
1.236000000000000000e+03 1.183174473950624161e-04
1.235000000000000000e+03 1.143332952624011490e-04
1.234000000000000000e+03 1.108099167963689130e-04
1.233000000000000000e+03 1.056381216504155514e-04
1.232000000000000000e+03 9.842761529748799353e-05
1.231000000000000000e+03 9.043735389722493546e-05
1.230000000000000000e+03 8.339278990562522026e-05
1.229000000000000000e+03 7.829378267982756926e-05
1.228000000000000000e+03 7.537472167876478970e-05
1.227000000000000000e+03 7.418987772924463678e-05
1.226000000000000000e+03 7.415619024311168235e-05
1.225000000000000000e+03 7.470815151054705915e-05
1.224000000000000000e+03 7.542206142144056266e-05
1.223000000000000000e+03 7.595437752237212646e-05
1.222000000000000000e+03 7.604629984680557101e-05
1.221000000000000000e+03 7.551462746505789418e-05
1.220000000000000000e+03 7.424662922886342438e-05
1.219000000000000000e+03 7.218003378225652312e-05
1.218000000000000000e+03 6.938757629349605620e-05
1.217000000000000000e+03 6.598765478390232735e-05
1.216000000000000000e+03 6.217867462439519263e-05
1.215000000000000000e+03 5.825734555279264628e-05
1.214000000000000000e+03 5.458996111940246437e-05
1.213000000000000000e+03 5.163224428296382820e-05
1.212000000000000000e+03 4.992401321435996353e-05
1.211000000000000000e+03 4.994329180396215749e-05
1.210000000000000000e+03 5.185713322051381193e-05
1.209000000000000000e+03 5.533581758228615834e-05
1.208000000000000000e+03 5.894823191944745136e-05
1.207000000000000000e+03 6.138076899015334576e-05
1.206000000000000000e+03 6.278082783345791703e-05
1.205000000000000000e+03 6.473756359320850687e-05
1.204000000000000000e+03 6.824691807631070391e-05
1.203000000000000000e+03 7.142251633308325826e-05
1.202000000000000000e+03 7.145252911457590386e-05
1.201000000000000000e+03 6.910251367896278613e-05
1.200000000000000000e+03 6.837442655812339708e-05
1.199000000000000000e+03 6.907872710253819043e-05
1.198000000000000000e+03 6.655377314279561874e-05
1.197000000000000000e+03 6.232666576812940064e-05
1.196000000000000000e+03 6.228109206310945064e-05
1.195000000000000000e+03 6.231746939038693080e-05
1.194000000000000000e+03 5.890898912902943469e-05
1.193000000000000000e+03 6.030169581126567188e-05
1.192000000000000000e+03 6.307314755490844751e-05
1.191000000000000000e+03 6.180838271043081231e-05
1.190000000000000000e+03 6.646571137228599621e-05
1.189000000000000000e+03 6.894654930514658930e-05
1.188000000000000000e+03 6.963371353169270405e-05
1.187000000000000000e+03 7.488013553202958392e-05
1.186000000000000000e+03 7.269274559782940915e-05
1.185000000000000000e+03 7.622990637076947193e-05
1.184000000000000000e+03 7.280211630639924316e-05
1.183000000000000000e+03 7.271235138347973131e-05
1.182000000000000000e+03 6.832529205012386516e-05
1.181000000000000000e+03 6.568915559781650598e-05
1.180000000000000000e+03 6.062835128177731728e-05
1.179000000000000000e+03 5.837894743561262550e-05
1.178000000000000000e+03 5.279919724765044418e-05
1.177000000000000000e+03 5.410743694110769407e-05
1.176000000000000000e+03 4.925258768446502515e-05
1.175000000000000000e+03 5.377001966101388057e-05
1.174000000000000000e+03 5.288716963816609396e-05
1.173000000000000000e+03 5.583094252870275561e-05
1.172000000000000000e+03 6.133839335678404974e-05
1.171000000000000000e+03 6.071436334480146611e-05
1.170000000000000000e+03 6.576573491887590934e-05
1.169000000000000000e+03 6.615559707549902046e-05
1.168000000000000000e+03 6.817685223317409247e-05
1.167000000000000000e+03 6.647393762161947733e-05
1.166000000000000000e+03 6.584164569488695773e-05
1.165000000000000000e+03 6.350684592797871874e-05
1.164000000000000000e+03 5.993351394951121510e-05
1.163000000000000000e+03 5.887904994451617744e-05
1.162000000000000000e+03 5.319546279514534052e-05
1.161000000000000000e+03 5.381679164589515328e-05
1.160000000000000000e+03 4.930481465872643806e-05
1.159000000000000000e+03 4.965910772665362033e-05
1.158000000000000000e+03 4.755480057018962792e-05
1.157000000000000000e+03 4.797067633838602256e-05
1.156000000000000000e+03 4.828553553637247316e-05
1.155000000000000000e+03 4.735237162243247615e-05
1.154000000000000000e+03 4.977309630588778371e-05
1.153000000000000000e+03 4.728150647848984800e-05
1.152000000000000000e+03 4.922117518713618902e-05
1.151000000000000000e+03 4.780609657492858533e-05
1.150000000000000000e+03 4.564971931913994728e-05
1.149000000000000000e+03 4.645195752464957578e-05
1.148000000000000000e+03 4.315767349396766107e-05
1.147000000000000000e+03 4.086509916060338963e-05
1.146000000000000000e+03 4.123393449162778007e-05
1.145000000000000000e+03 3.876203465715203213e-05
1.144000000000000000e+03 3.637048744910071545e-05
1.143000000000000000e+03 3.733021420568027611e-05
1.142000000000000000e+03 3.798679029167151234e-05
1.141000000000000000e+03 3.665432748509097087e-05
1.140000000000000000e+03 3.624899075348657845e-05
1.139000000000000000e+03 3.796383733301865210e-05
1.138000000000000000e+03 3.976221407868942367e-05
1.137000000000000000e+03 3.993655661296497333e-05
1.136000000000000000e+03 3.886057594254727266e-05
1.135000000000000000e+03 3.783621145439585809e-05
1.134000000000000000e+03 3.763118798840285210e-05
1.133000000000000000e+03 3.812916169803711499e-05
1.132000000000000000e+03 3.890505401664482295e-05
1.131000000000000000e+03 3.969418918305741320e-05
1.130000000000000000e+03 4.056690742090109878e-05
1.129000000000000000e+03 4.175787719656119098e-05
1.128000000000000000e+03 4.354271302612425920e-05
1.127000000000000000e+03 4.611223696742153732e-05
1.126000000000000000e+03 4.949115695594194086e-05
1.125000000000000000e+03 5.354400664685734801e-05
1.124000000000000000e+03 5.803498875714936472e-05
1.123000000000000000e+03 6.264950744048516896e-05
1.122000000000000000e+03 6.710193840292317754e-05
1.121000000000000000e+03 7.111452793483625254e-05
1.120000000000000000e+03 7.445695210661752532e-05
1.119000000000000000e+03 7.692993160855671794e-05
1.118000000000000000e+03 7.836576585758476057e-05
1.117000000000000000e+03 7.855900124549778231e-05
1.116000000000000000e+03 7.754835422451377227e-05
1.115000000000000000e+03 7.588149627927079886e-05
1.114000000000000000e+03 7.494474177696647645e-05
1.113000000000000000e+03 7.662556149732089412e-05
1.112000000000000000e+03 8.166953575507570002e-05
1.111000000000000000e+03 8.803880195123903077e-05
1.110000000000000000e+03 9.202049204355813644e-05
1.109000000000000000e+03 9.288758381530238324e-05
1.108000000000000000e+03 9.579918014902356947e-05
1.107000000000000000e+03 1.029512079048925044e-04
1.106000000000000000e+03 1.061265546907953235e-04
1.105000000000000000e+03 1.012635555323831255e-04
1.104000000000000000e+03 9.930369004975834937e-05
1.103000000000000000e+03 1.012594906030975494e-04
1.102000000000000000e+03 9.382839974254854820e-05
1.101000000000000000e+03 8.752117045549155010e-05
1.100000000000000000e+03 8.980899274574840490e-05
1.099000000000000000e+03 8.267038666566654619e-05
1.098000000000000000e+03 8.220059122143351035e-05
1.097000000000000000e+03 8.641831712067821257e-05
1.096000000000000000e+03 8.241850151060635464e-05
1.095000000000000000e+03 9.180055485053538521e-05
1.094000000000000000e+03 8.981123958913760335e-05
1.093000000000000000e+03 9.742363312853200192e-05
1.092000000000000000e+03 9.711637217941381699e-05
1.091000000000000000e+03 1.013142635116745706e-04
1.090000000000000000e+03 9.963692619775196347e-05
1.089000000000000000e+03 1.018603648813957318e-04
1.088000000000000000e+03 9.661018044479534805e-05
1.087000000000000000e+03 9.973627556827396466e-05
1.086000000000000000e+03 9.171021033877360782e-05
1.085000000000000000e+03 9.707207156662446123e-05
1.084000000000000000e+03 9.257851689222423375e-05
1.083000000000000000e+03 9.545642770524203431e-05
1.082000000000000000e+03 1.028808401965606044e-04
1.081000000000000000e+03 1.018289036257065568e-04
1.080000000000000000e+03 1.122321493758437447e-04
1.079000000000000000e+03 1.216840613701593028e-04
1.078000000000000000e+03 1.223657721182495840e-04
1.077000000000000000e+03 1.300845214173252068e-04
1.076000000000000000e+03 1.402561270573292644e-04
1.075000000000000000e+03 1.404465698534516341e-04
1.074000000000000000e+03 1.373788760884204899e-04
1.073000000000000000e+03 1.407660727209471437e-04
1.072000000000000000e+03 1.470765043589423321e-04
1.071000000000000000e+03 1.490184234443782776e-04
1.070000000000000000e+03 1.469336605150533485e-04
1.069000000000000000e+03 1.468846223091975663e-04
1.068000000000000000e+03 1.522693325881667122e-04
1.067000000000000000e+03 1.628042877325171830e-04
1.066000000000000000e+03 1.759271145492983352e-04
1.065000000000000000e+03 1.888544262635268001e-04
1.064000000000000000e+03 1.997168869432304321e-04
1.063000000000000000e+03 2.073543567546572359e-04
1.062000000000000000e+03 2.111695778596050935e-04
1.061000000000000000e+03 2.111213460216172430e-04
1.060000000000000000e+03 2.077291103081676052e-04
1.059000000000000000e+03 2.019243692629812221e-04
1.058000000000000000e+03 1.950840228403029363e-04
1.057000000000000000e+03 1.884626536995576997e-04
1.056000000000000000e+03 1.830736878785601434e-04
1.055000000000000000e+03 1.792888012382790346e-04
1.054000000000000000e+03 1.775236799591591963e-04
1.053000000000000000e+03 1.785872819459548267e-04
1.052000000000000000e+03 1.836096258890267195e-04
1.051000000000000000e+03 1.916793460184952342e-04
1.050000000000000000e+03 1.981217823383670722e-04
1.049000000000000000e+03 1.957609109042030416e-04
1.048000000000000000e+03 1.827364341492994306e-04
1.047000000000000000e+03 1.694897947214001955e-04
1.046000000000000000e+03 1.649703322652118324e-04
1.045000000000000000e+03 1.594828378089701106e-04
1.044000000000000000e+03 1.439160061119721843e-04
1.043000000000000000e+03 1.345684199369327782e-04
1.042000000000000000e+03 1.374792916214842336e-04
1.041000000000000000e+03 1.308956054853250856e-04
1.040000000000000000e+03 1.262007834053943526e-04
1.039000000000000000e+03 1.325754229293022671e-04
1.038000000000000000e+03 1.249023734086791447e-04
1.037000000000000000e+03 1.252040584937295161e-04
1.036000000000000000e+03 1.219040156113585503e-04
1.035000000000000000e+03 1.122121375329286923e-04
1.034000000000000000e+03 1.098415557560340826e-04
1.033000000000000000e+03 9.539233237898496899e-05
1.032000000000000000e+03 9.284447827549412711e-05
1.031000000000000000e+03 7.923696098295781275e-05
1.030000000000000000e+03 7.835591752956526921e-05
1.029000000000000000e+03 7.071327337520780503e-05
1.028000000000000000e+03 7.070803444170632420e-05
1.027000000000000000e+03 7.264840923234679409e-05
1.026000000000000000e+03 6.988657130721875172e-05
1.025000000000000000e+03 7.745871200047740510e-05
1.024000000000000000e+03 7.587623460695120607e-05
1.023000000000000000e+03 7.489443125315790439e-05
1.022000000000000000e+03 7.883754856215960903e-05
1.021000000000000000e+03 7.482340481694373167e-05
1.020000000000000000e+03 6.921398659948012138e-05
1.019000000000000000e+03 6.940811577742353380e-05
1.018000000000000000e+03 6.928167089001963455e-05
1.017000000000000000e+03 6.540902802858763977e-05
1.016000000000000000e+03 6.202238549181016852e-05
1.015000000000000000e+03 6.220115907404093669e-05
1.014000000000000000e+03 6.438991672397243165e-05
1.013000000000000000e+03 6.582219228238607965e-05
1.012000000000000000e+03 6.535944559335256246e-05
1.011000000000000000e+03 6.324673044391987864e-05
1.010000000000000000e+03 6.013618869225098048e-05
1.009000000000000000e+03 5.657049330293082096e-05
1.008000000000000000e+03 5.275972753684825164e-05
1.007000000000000000e+03 4.894727305178743607e-05
1.006000000000000000e+03 4.547744719466581114e-05
1.005000000000000000e+03 4.266404276633719412e-05
1.004000000000000000e+03 4.071294608163176381e-05
1.003000000000000000e+03 3.960910160917215962e-05
1.002000000000000000e+03 3.905434425438747057e-05
1.001000000000000000e+03 3.847143032058385187e-05
1.000000000000000000e+03 3.723691035300492105e-05
9.990000000000000000e+02 3.504528763980825352e-05
9.980000000000000000e+02 3.246192318671761652e-05
9.970000000000000000e+02 3.060507224061257629e-05
9.960000000000000000e+02 2.987737751620164444e-05
9.950000000000000000e+02 2.886379766841842338e-05
9.940000000000000000e+02 2.641828473330661107e-05
9.930000000000000000e+02 2.463763417430755502e-05
9.920000000000000000e+02 2.549069827505342188e-05
9.910000000000000000e+02 2.574356326362531078e-05
9.900000000000000000e+02 2.449252168594885003e-05
9.890000000000000000e+02 2.586044648928098556e-05
9.880000000000000000e+02 2.612674557550906672e-05
9.870000000000000000e+02 2.477673243970425615e-05
9.860000000000000000e+02 2.580478541375889087e-05
9.850000000000000000e+02 2.328594123684513917e-05
9.840000000000000000e+02 2.337457297020265580e-05
9.830000000000000000e+02 2.117339427453499256e-05
9.820000000000000000e+02 2.133214001389091482e-05
9.810000000000000000e+02 2.012197140759584780e-05
9.800000000000000000e+02 2.199305490636227438e-05
9.790000000000000000e+02 2.160792679094029574e-05
9.780000000000000000e+02 2.515120490761924035e-05
9.770000000000000000e+02 2.564095189340138403e-05
9.760000000000000000e+02 2.780385629540120166e-05
9.750000000000000000e+02 3.051336280490711989e-05
9.740000000000000000e+02 2.980868221828923912e-05
9.730000000000000000e+02 3.115349344669235892e-05
9.720000000000000000e+02 3.354864186876824444e-05
9.710000000000000000e+02 3.337486626035536801e-05
9.700000000000000000e+02 3.365384099570880748e-05
9.690000000000000000e+02 3.749810520978145132e-05
9.680000000000000000e+02 4.363480123729869976e-05
9.670000000000000000e+02 4.994670251049279094e-05
9.660000000000000000e+02 5.589474251662135965e-05
9.650000000000000000e+02 6.191101775886887631e-05
9.640000000000000000e+02 6.826020949472767741e-05
9.630000000000000000e+02 7.485922198876269508e-05
9.620000000000000000e+02 8.169930907988393835e-05
9.610000000000000000e+02 8.914229569656306848e-05
9.600000000000000000e+02 9.816791175153237025e-05
9.590000000000000000e+02 1.101044221963338305e-04
9.580000000000000000e+02 1.263551024043633422e-04
9.570000000000000000e+02 1.478693456810776922e-04
9.560000000000000000e+02 1.744592707883544855e-04
9.550000000000000000e+02 2.032248326051544496e-04
9.540000000000000000e+02 2.265294825255136308e-04
9.530000000000000000e+02 2.339042496428542694e-04
9.520000000000000000e+02 2.211353503049566353e-04
9.510000000000000000e+02 1.975957515997740169e-04
9.500000000000000000e+02 1.724459475964128154e-04
9.490000000000000000e+02 1.291538434955131164e-04
9.480000000000000000e+02 6.724508271808616222e-05
9.470000000000000000e+02 2.746259729961086313e-05
9.460000000000000000e+02 1.183672060048962303e-05
9.450000000000000000e+02 4.825129620403651916e-06
9.440000000000000000e+02 1.897415494107921440e-06
9.430000000000000000e+02 8.557630922733302008e-07
9.420000000000000000e+02 3.459331396386566808e-07
9.410000000000000000e+02 1.522257597152654070e-07
9.400000000000000000e+02 6.493595016190843927e-08
9.390000000000000000e+02 3.083649492676481796e-08
9.380000000000000000e+02 1.578385868503109533e-08
9.370000000000000000e+02 9.589063923563197184e-09
9.360000000000000000e+02 5.965679114900103369e-09
9.350000000000000000e+02 4.523348892562069438e-09
9.340000000000000000e+02 3.202904327601153712e-09
9.330000000000000000e+02 2.515096180170092811e-09
9.320000000000000000e+02 2.131904842718237194e-09
9.310000000000000000e+02 1.866801314598849219e-09
9.300000000000000000e+02 2.149757651821639793e-09
9.290000000000000000e+02 3.056646770540979089e-09
9.280000000000000000e+02 4.264113380501549626e-09
9.270000000000000000e+02 5.386402426306546541e-09
9.260000000000000000e+02 6.236776461069559001e-09
9.250000000000000000e+02 6.960355428849116579e-09
9.240000000000000000e+02 7.957993073328514365e-09
9.230000000000000000e+02 9.826225223890802931e-09
9.220000000000000000e+02 1.328974222709568973e-08
9.210000000000000000e+02 1.731136149699216919e-08
9.200000000000000000e+02 1.512324978844752878e-08
9.190000000000000000e+02 7.707091943049068455e-09
9.180000000000000000e+02 3.434671124635496284e-09
9.170000000000000000e+02 2.534202800685200706e-09
9.160000000000000000e+02 1.879851325003504646e-09
9.150000000000000000e+02 1.323670245143355772e-09
9.140000000000000000e+02 1.038628191545343538e-09
9.130000000000000000e+02 9.206648406147103339e-10
9.120000000000000000e+02 9.087560669320278894e-10
9.110000000000000000e+02 9.536680309010062637e-10
9.100000000000000000e+02 1.035575621938455564e-09
9.090000000000000000e+02 1.142846232256075766e-09
9.080000000000000000e+02 1.211487869522746507e-09
9.070000000000000000e+02 1.160294778288106425e-09
9.060000000000000000e+02 1.032010748686464761e-09
9.050000000000000000e+02 9.150451914737321068e-10
9.040000000000000000e+02 8.664611545470398260e-10
9.030000000000000000e+02 9.179554396574998252e-10
9.020000000000000000e+02 1.152770498416850852e-09
9.010000000000000000e+02 1.826525734914813863e-09
9.000000000000000000e+02 3.045953499748615357e-09
