2.600000000000000000e+03 8.438837668166132010e-08
2.599000000000000000e+03 9.115442550812248198e-08
2.598000000000000000e+03 9.843385151130639148e-08
2.597000000000000000e+03 1.071303769219765376e-07
2.596000000000000000e+03 1.166289994995568196e-07
2.595000000000000000e+03 1.276292724395880949e-07
2.594000000000000000e+03 1.401967516353685372e-07
2.593000000000000000e+03 1.544698619412703967e-07
2.592000000000000000e+03 1.711067294087605454e-07
2.591000000000000000e+03 1.903137101631676090e-07
2.590000000000000000e+03 2.124476414236474649e-07
2.589000000000000000e+03 2.370971460997215022e-07
2.588000000000000000e+03 2.651143615859497718e-07
2.587000000000000000e+03 2.965984261873851319e-07
2.586000000000000000e+03 3.309949022562528995e-07
2.585000000000000000e+03 3.678309165396266049e-07
2.584000000000000000e+03 4.089791789312649040e-07
2.583000000000000000e+03 4.464810887052053679e-07
2.582000000000000000e+03 4.866939466423493345e-07
2.581000000000000000e+03 5.244958103942417040e-07
2.580000000000000000e+03 5.598332102512582437e-07
2.579000000000000000e+03 5.899117238818710116e-07
2.578000000000000000e+03 6.133000931241995270e-07
2.577000000000000000e+03 6.331509337541641735e-07
2.576000000000000000e+03 6.466351487489647437e-07
2.575000000000000000e+03 6.532328346902400981e-07
2.574000000000000000e+03 6.555625059244372098e-07
2.573000000000000000e+03 6.515273458151442898e-07
2.572000000000000000e+03 6.461174333090700110e-07
2.571000000000000000e+03 6.360323158514487866e-07
2.570000000000000000e+03 6.233208133245883558e-07
2.569000000000000000e+03 6.081212792394921628e-07
2.568000000000000000e+03 5.907993435833205371e-07
2.567000000000000000e+03 5.736084157240170092e-07
2.566000000000000000e+03 5.533068550612966471e-07
2.565000000000000000e+03 5.297629274523252060e-07
2.564000000000000000e+03 5.086623560714633491e-07
2.563000000000000000e+03 4.848304992379930620e-07
2.562000000000000000e+03 4.632325672283985636e-07
2.561000000000000000e+03 4.408913577580522140e-07
2.560000000000000000e+03 4.180112274368492748e-07
2.559000000000000000e+03 3.950564663327968994e-07
2.558000000000000000e+03 3.746011095774703553e-07
2.557000000000000000e+03 3.536326834712530427e-07
2.556000000000000000e+03 3.348542103595122647e-07
2.555000000000000000e+03 3.158213847241004313e-07
2.554000000000000000e+03 2.994786583239586377e-07
2.553000000000000000e+03 2.829474821551898831e-07
2.552000000000000000e+03 2.698985003528839973e-07
2.551000000000000000e+03 2.565849780082488740e-07
2.550000000000000000e+03 2.446140028818718126e-07
2.549000000000000000e+03 2.339800736269035184e-07
2.548000000000000000e+03 2.242602329893607592e-07
2.547000000000000000e+03 2.156579075777587295e-07
2.546000000000000000e+03 2.077762508656381855e-07
2.545000000000000000e+03 2.012849304790774969e-07
2.544000000000000000e+03 1.955695809546155899e-07
2.543000000000000000e+03 1.904833725055263610e-07
2.542000000000000000e+03 1.863083166583576664e-07
2.541000000000000000e+03 1.831765120533809458e-07
2.540000000000000000e+03 1.805949569077935151e-07
2.539000000000000000e+03 1.790869228836744568e-07
2.538000000000000000e+03 1.784133637544452754e-07
2.537000000000000000e+03 1.783968169556903074e-07
2.536000000000000000e+03 1.793868390027994325e-07
2.535000000000000000e+03 1.813103632209974011e-07
2.534000000000000000e+03 1.840145688216772194e-07
2.533000000000000000e+03 1.877209881823444090e-07
2.532000000000000000e+03 1.925360998222576168e-07
2.531000000000000000e+03 1.984797685754500902e-07
2.530000000000000000e+03 2.056312373392688921e-07
2.529000000000000000e+03 2.133758051829514388e-07
2.528000000000000000e+03 2.224101168335192661e-07
2.527000000000000000e+03 2.332670275450430821e-07
2.526000000000000000e+03 2.453886035616778875e-07
2.525000000000000000e+03 2.570517162772951016e-07
2.524000000000000000e+03 2.704290183471482526e-07
2.523000000000000000e+03 2.835506548531666946e-07
2.522000000000000000e+03 2.965123400228593192e-07
2.521000000000000000e+03 3.091675799687575781e-07
2.520000000000000000e+03 3.153721299203400404e-07
2.519000000000000000e+03 3.234885844460474893e-07
2.518000000000000000e+03 3.213521520509000362e-07
2.517000000000000000e+03 3.148344381034275132e-07
2.516000000000000000e+03 3.006668511491185791e-07
2.515000000000000000e+03 2.849015394900249590e-07
2.514000000000000000e+03 2.646937892884057221e-07
2.513000000000000000e+03 2.415134542691372868e-07
2.512000000000000000e+03 2.175675269630805449e-07
2.511000000000000000e+03 1.957983261321126639e-07
2.510000000000000000e+03 1.747528618382239918e-07
2.509000000000000000e+03 1.560065388173970580e-07
2.508000000000000000e+03 1.393168762988733284e-07
2.507000000000000000e+03 1.274694640278866842e-07
2.506000000000000000e+03 1.142015284321418640e-07
2.505000000000000000e+03 1.010148656818373109e-07
2.504000000000000000e+03 9.181349784985304346e-08
2.503000000000000000e+03 8.373113218931652193e-08
2.502000000000000000e+03 7.676630411286860096e-08
2.501000000000000000e+03 7.077636835630836265e-08
2.500000000000000000e+03 6.576655925440806386e-08
2.499000000000000000e+03 6.126897855800122197e-08
2.498000000000000000e+03 5.733747917302229815e-08
2.497000000000000000e+03 5.400036200919234902e-08
2.496000000000000000e+03 5.108371578675436489e-08
2.495000000000000000e+03 4.863612615216003251e-08
2.494000000000000000e+03 4.656611602445343633e-08
2.493000000000000000e+03 4.481540898701078545e-08
2.492000000000000000e+03 4.337878788757233036e-08
2.491000000000000000e+03 4.222463288584844819e-08
2.490000000000000000e+03 4.131241372832756188e-08
2.489000000000000000e+03 4.072793592736606972e-08
2.488000000000000000e+03 4.037500834829093342e-08
2.487000000000000000e+03 4.024513478513312654e-08
2.486000000000000000e+03 4.032052575839962975e-08
2.485000000000000000e+03 4.057642527136221021e-08
2.484000000000000000e+03 4.105432384768465832e-08
2.483000000000000000e+03 4.176968429797703362e-08
2.482000000000000000e+03 4.265369158050627153e-08
2.481000000000000000e+03 4.386830727517971763e-08
2.480000000000000000e+03 4.529732762826056319e-08
2.479000000000000000e+03 4.719472089915014020e-08
2.478000000000000000e+03 4.933770879047709441e-08
2.477000000000000000e+03 5.192320261626930215e-08
2.476000000000000000e+03 5.495265928892973074e-08
2.475000000000000000e+03 5.869145894773515878e-08
2.474000000000000000e+03 6.315752833839644919e-08
2.473000000000000000e+03 6.832006842147568091e-08
2.472000000000000000e+03 7.439049301563853909e-08
2.471000000000000000e+03 8.187203109184259146e-08
2.470000000000000000e+03 9.080414177107184546e-08
2.469000000000000000e+03 1.018531768625694460e-07
2.468000000000000000e+03 1.149689298375567488e-07
2.467000000000000000e+03 1.311139035714066106e-07
2.466000000000000000e+03 1.508232489884847492e-07
2.465000000000000000e+03 1.747634575951818135e-07
2.464000000000000000e+03 2.028006976412828508e-07
2.463000000000000000e+03 2.348981647551589920e-07
2.462000000000000000e+03 2.680882075468534916e-07
2.461000000000000000e+03 3.030328223653201227e-07
2.460000000000000000e+03 3.258949744169797674e-07
2.459000000000000000e+03 3.390168315123343036e-07
2.458000000000000000e+03 3.310072453098043214e-07
2.457000000000000000e+03 3.090752805390069177e-07
2.456000000000000000e+03 2.755064993163094349e-07
2.455000000000000000e+03 2.396687830060338993e-07
2.454000000000000000e+03 2.027206465102116115e-07
2.453000000000000000e+03 1.702452506528099141e-07
2.452000000000000000e+03 1.427843677231334654e-07
2.451000000000000000e+03 1.202524113453417837e-07
2.450000000000000000e+03 1.019934393841968963e-07
2.449000000000000000e+03 8.709745038636306100e-08
2.448000000000000000e+03 7.524619948467576447e-08
2.447000000000000000e+03 6.569752130318830315e-08
2.446000000000000000e+03 5.778927302900736444e-08
2.445000000000000000e+03 5.130823240482677743e-08
2.444000000000000000e+03 4.599503510156925314e-08
2.443000000000000000e+03 4.158752837754858121e-08
2.442000000000000000e+03 3.786855953900031852e-08
2.441000000000000000e+03 3.484826101462294114e-08
2.440000000000000000e+03 3.229844617419945821e-08
2.439000000000000000e+03 2.998168043926979815e-08
2.438000000000000000e+03 2.830717352229932422e-08
2.437000000000000000e+03 2.666901394520625584e-08
2.436000000000000000e+03 2.547174669557592214e-08
2.435000000000000000e+03 2.428827314668173095e-08
2.434000000000000000e+03 2.351523132790259381e-08
2.433000000000000000e+03 2.276367379670929004e-08
2.432000000000000000e+03 2.223432438777016438e-08
2.431000000000000000e+03 2.190947784079763435e-08
2.430000000000000000e+03 2.178087229580238491e-08
2.429000000000000000e+03 2.166560224357387537e-08
2.428000000000000000e+03 2.176271076061920971e-08
2.427000000000000000e+03 2.186638265155170722e-08
2.426000000000000000e+03 2.216027200190901234e-08
2.425000000000000000e+03 2.265503173214272508e-08
2.424000000000000000e+03 2.335916538085487234e-08
2.423000000000000000e+03 2.426111416807864819e-08
2.422000000000000000e+03 2.535062003101407939e-08
2.421000000000000000e+03 2.645051620247911097e-08
2.420000000000000000e+03 2.795377901244128849e-08
2.419000000000000000e+03 2.966225367548630501e-08
2.418000000000000000e+03 3.156328620662632357e-08
2.417000000000000000e+03 3.367093179756821372e-08
2.416000000000000000e+03 3.619720387114424798e-08
2.415000000000000000e+03 3.875622553030764337e-08
2.414000000000000000e+03 4.162959785463515080e-08
2.413000000000000000e+03 4.443731687299703259e-08
2.412000000000000000e+03 4.714104852061446150e-08
2.411000000000000000e+03 4.949976953500350173e-08
2.410000000000000000e+03 5.126122488923291302e-08
2.409000000000000000e+03 5.222505524666872666e-08
2.408000000000000000e+03 5.225354854690999745e-08
2.407000000000000000e+03 5.130748446609624372e-08
2.406000000000000000e+03 4.944104262245598444e-08
2.405000000000000000e+03 4.691756710304803777e-08
2.404000000000000000e+03 4.382253823574489271e-08
2.403000000000000000e+03 4.050088997560734156e-08
2.402000000000000000e+03 3.712143302801398789e-08
2.401000000000000000e+03 3.410065462428994809e-08
2.400000000000000000e+03 3.105498189256568612e-08
2.399000000000000000e+03 2.838777479775104497e-08
2.398000000000000000e+03 2.608666946957567781e-08
2.397000000000000000e+03 2.395623423181060833e-08
2.396000000000000000e+03 2.222747306481126827e-08
2.395000000000000000e+03 2.062582760656016116e-08
2.394000000000000000e+03 1.929017294914234677e-08
2.393000000000000000e+03 1.816675412018655787e-08
2.392000000000000000e+03 1.725026512676753062e-08
2.391000000000000000e+03 1.647539731638731768e-08
2.390000000000000000e+03 1.587823504812649344e-08
2.389000000000000000e+03 1.539937699346614883e-08
2.388000000000000000e+03 1.505169053154409954e-08
2.387000000000000000e+03 1.485693400668951129e-08
2.386000000000000000e+03 1.476247775069505773e-08
2.385000000000000000e+03 1.481894067687489494e-08
2.384000000000000000e+03 1.501554260504006776e-08
2.383000000000000000e+03 1.539728230925685696e-08
2.382000000000000000e+03 1.593308096022735999e-08
2.381000000000000000e+03 1.669767794738946177e-08
2.380000000000000000e+03 1.775105530065215981e-08
2.379000000000000000e+03 1.913919159340383189e-08
2.378000000000000000e+03 2.101649383178000746e-08
2.377000000000000000e+03 2.350854509387299497e-08
2.376000000000000000e+03 2.696526217471638528e-08
2.375000000000000000e+03 3.178980254075640012e-08
2.374000000000000000e+03 3.899052030262535131e-08
2.373000000000000000e+03 5.001101833710940793e-08
2.372000000000000000e+03 6.823497681183029189e-08
2.371000000000000000e+03 1.013198395358592161e-07
2.370000000000000000e+03 1.674010159385008384e-07
2.369000000000000000e+03 2.918631143784491204e-07
2.368000000000000000e+03 4.069133288521878153e-07
2.367000000000000000e+03 3.854668717557135329e-07
2.366000000000000000e+03 2.680018126473500382e-07
2.365000000000000000e+03 1.527735998886202433e-07
2.364000000000000000e+03 7.980187956809108783e-08
2.363000000000000000e+03 4.535691996319760437e-08
2.362000000000000000e+03 2.830698510644068650e-08
2.361000000000000000e+03 1.897431021998987629e-08
2.360000000000000000e+03 1.341374037378059491e-08
2.359000000000000000e+03 9.864603615335507051e-09
2.358000000000000000e+03 7.480179438278534678e-09
2.357000000000000000e+03 5.821535982742752675e-09
2.356000000000000000e+03 4.608420130515150772e-09
2.355000000000000000e+03 3.728123228275313803e-09
2.354000000000000000e+03 3.061359444434530413e-09
2.353000000000000000e+03 2.539158999401061927e-09
2.352000000000000000e+03 2.134720484722013378e-09
2.351000000000000000e+03 1.812954277744853019e-09
2.350000000000000000e+03 1.552599671852392992e-09
2.349000000000000000e+03 1.340524076340063090e-09
2.348000000000000000e+03 1.166901987094890348e-09
2.347000000000000000e+03 1.021346931054911260e-09
2.346000000000000000e+03 9.015896997148191373e-10
2.345000000000000000e+03 8.012316590638385329e-10
2.344000000000000000e+03 7.152750138945027433e-10
2.343000000000000000e+03 6.408485434719949005e-10
2.342000000000000000e+03 5.781089536253669390e-10
2.341000000000000000e+03 5.250579826832047918e-10
2.340000000000000000e+03 4.768673601746188142e-10
2.339000000000000000e+03 4.354480200543910030e-10
2.338000000000000000e+03 4.009946054848076800e-10
2.337000000000000000e+03 3.691880247244875776e-10
2.336000000000000000e+03 3.419750117880143734e-10
2.335000000000000000e+03 3.191937012092197705e-10
2.334000000000000000e+03 2.966075357593655567e-10
2.333000000000000000e+03 2.787004615804931806e-10
2.332000000000000000e+03 2.608214675423550671e-10
2.331000000000000000e+03 2.473375990790500443e-10
2.330000000000000000e+03 2.340056844232930489e-10
2.329000000000000000e+03 2.230248871951552028e-10
2.328000000000000000e+03 2.113467510315445497e-10
2.327000000000000000e+03 2.020779544571215745e-10
2.326000000000000000e+03 1.938166520094875957e-10
2.325000000000000000e+03 1.862878909815732993e-10
2.324000000000000000e+03 1.797984169833542563e-10
2.323000000000000000e+03 1.739717187768071399e-10
2.322000000000000000e+03 1.686892183190658853e-10
2.321000000000000000e+03 1.643098130046285549e-10
2.320000000000000000e+03 1.603002893322100388e-10
2.319000000000000000e+03 1.569798058353480332e-10
2.318000000000000000e+03 1.539622202711563118e-10
2.317000000000000000e+03 1.515882247498403360e-10
2.316000000000000000e+03 1.495942833938218992e-10
2.315000000000000000e+03 1.480904639256184836e-10
2.314000000000000000e+03 1.470912858125153382e-10
2.313000000000000000e+03 1.464867042331807285e-10
2.312000000000000000e+03 1.460591017495508774e-10
2.311000000000000000e+03 1.463680931321840680e-10
2.310000000000000000e+03 1.469280940321008651e-10
2.309000000000000000e+03 1.478652401113068911e-10
2.308000000000000000e+03 1.492346664712734652e-10
2.307000000000000000e+03 1.511269767489266755e-10
2.306000000000000000e+03 1.534621122709975618e-10
2.305000000000000000e+03 1.561672902541040566e-10
2.304000000000000000e+03 1.595683166051083981e-10
2.303000000000000000e+03 1.637172789725168635e-10
2.302000000000000000e+03 1.682663098692262156e-10
2.301000000000000000e+03 1.736488816635619186e-10
2.300000000000000000e+03 1.797620093775222310e-10
2.299000000000000000e+03 1.868238930449293223e-10
2.298000000000000000e+03 1.946956502305507656e-10
2.297000000000000000e+03 2.038774947100482308e-10
2.296000000000000000e+03 2.142676745366057008e-10
2.295000000000000000e+03 2.262328471443217678e-10
2.294000000000000000e+03 2.394070565574612200e-10
2.293000000000000000e+03 2.552931910735170647e-10
2.292000000000000000e+03 2.735166074124576525e-10
2.291000000000000000e+03 2.938760851484393761e-10
2.290000000000000000e+03 3.185809048511128137e-10
2.289000000000000000e+03 3.478242846781729289e-10
2.288000000000000000e+03 3.838564071619224726e-10
2.287000000000000000e+03 4.240623241456982016e-10
2.286000000000000000e+03 4.730214108801884771e-10
2.285000000000000000e+03 5.332292418658474786e-10
2.284000000000000000e+03 6.088919716161692010e-10
2.283000000000000000e+03 7.017726214789000199e-10
2.282000000000000000e+03 8.210468318562925724e-10
2.281000000000000000e+03 9.779528147742836557e-10
2.280000000000000000e+03 1.187080981701165608e-09
2.279000000000000000e+03 1.478760535099903953e-09
2.278000000000000000e+03 1.895190805014360802e-09
2.277000000000000000e+03 2.521138056568060192e-09
2.276000000000000000e+03 3.568184859074770894e-09
2.275000000000000000e+03 5.417721677488475574e-09
2.274000000000000000e+03 9.286905700327113962e-09
2.273000000000000000e+03 1.989307241333395769e-08
2.272000000000000000e+03 6.435411829514627430e-08
2.271000000000000000e+03 1.361523407163679008e-07
2.270000000000000000e+03 1.339061393532344536e-07
2.269000000000000000e+03 7.062540151715104014e-08
2.268000000000000000e+03 2.279799951293144511e-08
2.267000000000000000e+03 1.022937302443946803e-08
2.266000000000000000e+03 5.898243559374444487e-09
2.265000000000000000e+03 3.873280968008009361e-09
2.264000000000000000e+03 2.767514649714825269e-09
2.263000000000000000e+03 2.089288974234912127e-09
2.262000000000000000e+03 1.644444285713122871e-09
2.261000000000000000e+03 1.333323198825081229e-09
2.260000000000000000e+03 1.111975064713040043e-09
2.259000000000000000e+03 9.438230382282827851e-10
2.258000000000000000e+03 8.175060419205637059e-10
2.257000000000000000e+03 7.167700125513053616e-10
2.256000000000000000e+03 6.395057112486544821e-10
2.255000000000000000e+03 5.748015710220248508e-10
2.254000000000000000e+03 5.225424832594947828e-10
2.253000000000000000e+03 4.809841544550216990e-10
2.252000000000000000e+03 4.458394867139000976e-10
2.251000000000000000e+03 4.147455906103742375e-10
2.250000000000000000e+03 3.899192674111303288e-10
2.249000000000000000e+03 3.694579474000375404e-10
2.248000000000000000e+03 3.530690236768494932e-10
2.247000000000000000e+03 3.366597930510035242e-10
2.246000000000000000e+03 3.265172259591144416e-10
2.245000000000000000e+03 3.165143709416240004e-10
2.244000000000000000e+03 3.084445777433355394e-10
2.243000000000000000e+03 3.004451690115376994e-10
2.242000000000000000e+03 2.966658038149976982e-10
2.241000000000000000e+03 2.928700187463191483e-10
2.240000000000000000e+03 2.910348897060461643e-10
2.239000000000000000e+03 2.893501668728443364e-10
2.238000000000000000e+03 2.918049975732949709e-10
2.237000000000000000e+03 2.921365072363865753e-10
2.236000000000000000e+03 2.945389555740958080e-10
2.235000000000000000e+03 2.991392457819094934e-10
2.234000000000000000e+03 3.057339614436785286e-10
2.233000000000000000e+03 3.122631330399364175e-10
2.232000000000000000e+03 3.209872575837210999e-10
2.231000000000000000e+03 3.297829668884082020e-10
2.230000000000000000e+03 3.404982905199483060e-10
2.229000000000000000e+03 3.553743498490618465e-10
2.228000000000000000e+03 3.704241651003382935e-10
2.227000000000000000e+03 3.874375973338089277e-10
2.226000000000000000e+03 4.064217009025595167e-10
2.225000000000000000e+03 4.276416358002563260e-10
2.224000000000000000e+03 4.530180017938247929e-10
2.223000000000000000e+03 4.823110712891976619e-10
2.222000000000000000e+03 5.137267951739222048e-10
2.221000000000000000e+03 5.514980853244674452e-10
2.220000000000000000e+03 5.931540952247167516e-10
2.219000000000000000e+03 6.428856969863857252e-10
2.218000000000000000e+03 6.969145860360540353e-10
2.217000000000000000e+03 7.610976703504049259e-10
2.216000000000000000e+03 8.350887684178208907e-10
2.215000000000000000e+03 9.193539155829810775e-10
2.214000000000000000e+03 1.020025277741581765e-09
2.213000000000000000e+03 1.134228614357099154e-09
2.212000000000000000e+03 1.270443261497882904e-09
2.211000000000000000e+03 1.433176127180607547e-09
2.210000000000000000e+03 1.623352554823553991e-09
2.209000000000000000e+03 1.850681330805275209e-09
2.208000000000000000e+03 2.126143956910450760e-09
2.207000000000000000e+03 2.467021829523389813e-09
2.206000000000000000e+03 2.865077842489094916e-09
2.205000000000000000e+03 3.361405776446720460e-09
2.204000000000000000e+03 3.975719101635322134e-09
2.203000000000000000e+03 4.743870053048627183e-09
2.202000000000000000e+03 5.684142664993633563e-09
2.201000000000000000e+03 6.876846528229110883e-09
2.200000000000000000e+03 8.374520437103728873e-09
2.199000000000000000e+03 1.026814647128712999e-08
2.198000000000000000e+03 1.259700544241930442e-08
2.197000000000000000e+03 1.543140503630268836e-08
2.196000000000000000e+03 1.875357875825244441e-08
2.195000000000000000e+03 2.244655275014398696e-08
2.194000000000000000e+03 2.637658637114933558e-08
2.193000000000000000e+03 3.006294647662439247e-08
2.192000000000000000e+03 3.313119090097682452e-08
2.191000000000000000e+03 3.523230112400995204e-08
2.190000000000000000e+03 3.636483233541253462e-08
2.189000000000000000e+03 3.653618933054623106e-08
2.188000000000000000e+03 3.597419832476100022e-08
2.187000000000000000e+03 3.523987143251801698e-08
2.186000000000000000e+03 3.413266015915846633e-08
2.185000000000000000e+03 3.341318149897657851e-08
2.184000000000000000e+03 3.271680246779484052e-08
2.183000000000000000e+03 3.256706322633083644e-08
2.182000000000000000e+03 3.260382607563727224e-08
2.181000000000000000e+03 3.320264261803495089e-08
2.180000000000000000e+03 3.416013896112682327e-08
2.179000000000000000e+03 3.564786079930353174e-08
2.178000000000000000e+03 3.786429698314938412e-08
2.177000000000000000e+03 4.079583909865399531e-08
2.176000000000000000e+03 4.477655978946197030e-08
2.175000000000000000e+03 4.982866105714661652e-08
2.174000000000000000e+03 5.631274575934469272e-08
2.173000000000000000e+03 6.490048128182747890e-08
2.172000000000000000e+03 7.561532320728059519e-08
2.171000000000000000e+03 8.884982808835213030e-08
2.170000000000000000e+03 1.043886977933356727e-07
2.169000000000000000e+03 1.208363263454754129e-07
2.168000000000000000e+03 1.352765539819758778e-07
2.167000000000000000e+03 1.435910723016306046e-07
2.166000000000000000e+03 1.425372465244333489e-07
2.165000000000000000e+03 1.323402115613090972e-07
2.164000000000000000e+03 1.161017697307656700e-07
2.163000000000000000e+03 9.799170448369535199e-08
2.162000000000000000e+03 8.108652249553342826e-08
2.161000000000000000e+03 6.681427802276203304e-08
2.160000000000000000e+03 5.532063074151325937e-08
2.159000000000000000e+03 4.629365389865154142e-08
2.158000000000000000e+03 3.922061567386364949e-08
2.157000000000000000e+03 3.372601827507120288e-08
2.156000000000000000e+03 2.928507941827174080e-08
2.155000000000000000e+03 2.574015569941098044e-08
2.154000000000000000e+03 2.290017177947864667e-08
2.153000000000000000e+03 2.077167967154623543e-08
2.152000000000000000e+03 1.881839383701315269e-08
2.151000000000000000e+03 1.725856824769632655e-08
2.150000000000000000e+03 1.595981040166302454e-08
2.149000000000000000e+03 1.486044906865405317e-08
2.148000000000000000e+03 1.394178941725544492e-08
2.147000000000000000e+03 1.314132133648894508e-08
2.146000000000000000e+03 1.244906809117969839e-08
2.145000000000000000e+03 1.184839734222796289e-08
2.144000000000000000e+03 1.129442388902669268e-08
2.143000000000000000e+03 1.081148827501233794e-08
2.142000000000000000e+03 1.038467851231259676e-08
2.141000000000000000e+03 9.988613602893974312e-09
2.140000000000000000e+03 9.605920789082674752e-09
2.139000000000000000e+03 9.241812182271955105e-09
2.138000000000000000e+03 8.910758037332734095e-09
2.137000000000000000e+03 8.573695538929445750e-09
2.136000000000000000e+03 8.255712925331837898e-09
2.135000000000000000e+03 7.933530809123927319e-09
2.134000000000000000e+03 7.625433367063356749e-09
2.133000000000000000e+03 7.316873872504501329e-09
2.132000000000000000e+03 7.005837376211216443e-09
2.131000000000000000e+03 6.709731499183254904e-09
2.130000000000000000e+03 6.413268579205020706e-09
2.129000000000000000e+03 6.135627553265408670e-09
2.128000000000000000e+03 5.854189372403385172e-09
2.127000000000000000e+03 5.592283379790587864e-09
2.126000000000000000e+03 5.350333449954722133e-09
2.125000000000000000e+03 5.105669085205542147e-09
2.124000000000000000e+03 4.880571121393178385e-09
2.123000000000000000e+03 4.676130430484038502e-09
2.122000000000000000e+03 4.489510205936975730e-09
2.121000000000000000e+03 4.302791052311379319e-09
2.120000000000000000e+03 4.156546974921970761e-09
2.119000000000000000e+03 3.990248169718948703e-09
2.118000000000000000e+03 3.862963178533679848e-09
2.117000000000000000e+03 3.756092866373618034e-09
2.116000000000000000e+03 3.647816395746793641e-09
2.115000000000000000e+03 3.579272337643250629e-09
2.114000000000000000e+03 3.510853599810038013e-09
2.113000000000000000e+03 3.441780268136443394e-09
2.112000000000000000e+03 3.412374622467102758e-09
2.111000000000000000e+03 3.382442232717906178e-09
2.110000000000000000e+03 3.371710908958832574e-09
2.109000000000000000e+03 3.380684794934368917e-09
2.108000000000000000e+03 3.389129184566582018e-09
2.107000000000000000e+03 3.416657000623589897e-09
2.106000000000000000e+03 3.445325968925658410e-09
2.105000000000000000e+03 3.511051428955025782e-09
2.104000000000000000e+03 3.576791433826758342e-09
2.103000000000000000e+03 3.662411526914661358e-09
2.102000000000000000e+03 3.766446301533046519e-09
2.101000000000000000e+03 3.907405382400108749e-09
2.100000000000000000e+03 4.049805121116869472e-09
2.099000000000000000e+03 4.229265006758371118e-09
2.098000000000000000e+03 4.427015924879600785e-09
2.097000000000000000e+03 4.644974055992872652e-09
2.096000000000000000e+03 4.900414394998299184e-09
2.095000000000000000e+03 5.192589255517887282e-09
2.094000000000000000e+03 5.505434340173722797e-09
2.093000000000000000e+03 5.856473281044293472e-09
2.092000000000000000e+03 6.225979588880272979e-09
2.091000000000000000e+03 6.616834723356870695e-09
2.090000000000000000e+03 7.046925485160171771e-09
2.089000000000000000e+03 7.458806571087417460e-09
2.088000000000000000e+03 7.874088359182279629e-09
2.087000000000000000e+03 8.255472324964378859e-09
2.086000000000000000e+03 8.599785885909579286e-09
2.085000000000000000e+03 8.891612305919043050e-09
2.084000000000000000e+03 9.074946413461209381e-09
2.083000000000000000e+03 9.182784010661794826e-09
2.082000000000000000e+03 9.180511516006117976e-09
2.081000000000000000e+03 9.086651461922100707e-09
2.080000000000000000e+03 8.896523486337532768e-09
2.079000000000000000e+03 8.631310017174437605e-09
2.078000000000000000e+03 8.328899566816494084e-09
2.077000000000000000e+03 7.985193467603518135e-09
2.076000000000000000e+03 7.621412728399818703e-09
2.075000000000000000e+03 7.257222724262498513e-09
2.074000000000000000e+03 6.908285401131885533e-09
2.073000000000000000e+03 6.576699422054778418e-09
2.072000000000000000e+03 6.263696385830320710e-09
2.071000000000000000e+03 5.985451504308860229e-09
2.070000000000000000e+03 5.724876662155243275e-09
2.069000000000000000e+03 5.483093691931786469e-09
2.068000000000000000e+03 5.295845385074682503e-09
2.067000000000000000e+03 5.126519137045722880e-09
2.066000000000000000e+03 4.976276903165831909e-09
2.065000000000000000e+03 4.842916361836948503e-09
2.064000000000000000e+03 4.746734867367040877e-09
2.063000000000000000e+03 4.688845794248759923e-09
2.062000000000000000e+03 4.629033333707002301e-09
2.061000000000000000e+03 4.606430025887102602e-09
2.060000000000000000e+03 4.603072546278602823e-09
2.059000000000000000e+03 4.616828262293032932e-09
2.058000000000000000e+03 4.667690257298325092e-09
2.057000000000000000e+03 4.737654253311528849e-09
2.056000000000000000e+03 4.824541624435660236e-09
2.055000000000000000e+03 4.948247465486664194e-09
2.054000000000000000e+03 5.109731713114551997e-09
2.053000000000000000e+03 5.306535040073188103e-09
2.052000000000000000e+03 5.520920267935455792e-09
2.051000000000000000e+03 5.810180303396975985e-09
2.050000000000000000e+03 6.115333828657695676e-09
2.049000000000000000e+03 6.512377484258213036e-09
2.048000000000000000e+03 6.964879396641608102e-09
2.047000000000000000e+03 7.488171659237522855e-09
2.046000000000000000e+03 8.112268772668953097e-09
2.045000000000000000e+03 8.859788304183805033e-09
2.044000000000000000e+03 9.746114310130062501e-09
2.043000000000000000e+03 1.080740416451770735e-08
2.042000000000000000e+03 1.209047160434101326e-08
2.041000000000000000e+03 1.364312846788568523e-08
2.040000000000000000e+03 1.554565038556291578e-08
2.039000000000000000e+03 1.789151290045061912e-08
2.038000000000000000e+03 2.080932658555937482e-08
2.037000000000000000e+03 2.449229197955310341e-08
2.036000000000000000e+03 2.918410580186860343e-08
2.035000000000000000e+03 3.521746625850673289e-08
2.034000000000000000e+03 4.310785087356605227e-08
2.033000000000000000e+03 5.354197157789177319e-08
2.032000000000000000e+03 6.748999315274595952e-08
2.031000000000000000e+03 8.631537717222013517e-08
2.030000000000000000e+03 1.118039932032769233e-07
2.029000000000000000e+03 1.460304649583605327e-07
2.028000000000000000e+03 1.907375253070086215e-07
2.027000000000000000e+03 2.456504874166269185e-07
2.026000000000000000e+03 3.057828987201704998e-07
2.025000000000000000e+03 3.606686382951538141e-07
2.024000000000000000e+03 3.974169282701507770e-07
2.023000000000000000e+03 4.085019442045099073e-07
2.022000000000000000e+03 3.969339692904914243e-07
2.021000000000000000e+03 3.716482983925739261e-07
2.020000000000000000e+03 3.423374481940320482e-07
2.019000000000000000e+03 3.151439208344593590e-07
2.018000000000000000e+03 2.928178269255903291e-07
2.017000000000000000e+03 2.760486989079246392e-07
2.016000000000000000e+03 2.648897524688517799e-07
2.015000000000000000e+03 2.587769584542538384e-07
2.014000000000000000e+03 2.574442277652054239e-07
2.013000000000000000e+03 2.607175797472981269e-07
2.012000000000000000e+03 2.681603612592379007e-07
2.011000000000000000e+03 2.798403496294725267e-07
2.010000000000000000e+03 2.953186345238720320e-07
2.009000000000000000e+03 3.138960565823896907e-07
2.008000000000000000e+03 3.340118242566142531e-07
2.007000000000000000e+03 3.532153373595901112e-07
2.006000000000000000e+03 3.675461523391982049e-07
2.005000000000000000e+03 3.729592554248081161e-07
2.004000000000000000e+03 3.658884454844676675e-07
2.003000000000000000e+03 3.456488150899687337e-07
2.002000000000000000e+03 3.147668664742571013e-07
2.001000000000000000e+03 2.778633384966794340e-07
2.000000000000000000e+03 2.397168388894400717e-07
1.999000000000000000e+03 2.040857798244137108e-07
1.998000000000000000e+03 1.727349429529071350e-07
1.997000000000000000e+03 1.462224848911559848e-07
1.996000000000000000e+03 1.244157920019182984e-07
1.995000000000000000e+03 1.066064327036811183e-07
1.994000000000000000e+03 9.219624923509225128e-08
1.993000000000000000e+03 8.050782700773914460e-08
1.992000000000000000e+03 7.099689037974425448e-08
1.991000000000000000e+03 6.327190660658749341e-08
1.990000000000000000e+03 5.695867475874593819e-08
1.989000000000000000e+03 5.172427427343813226e-08
1.988000000000000000e+03 4.755827938668873279e-08
1.987000000000000000e+03 4.397444551759321375e-08
1.986000000000000000e+03 4.115983605639736604e-08
1.985000000000000000e+03 3.874680962540502775e-08
1.984000000000000000e+03 3.689956879027209236e-08
1.983000000000000000e+03 3.543858069121034001e-08
1.982000000000000000e+03 3.417913204977133860e-08
1.981000000000000000e+03 3.347273566235215968e-08
1.980000000000000000e+03 3.296263214724359908e-08
1.979000000000000000e+03 3.264281704532280181e-08
1.978000000000000000e+03 3.268545090403869709e-08
1.977000000000000000e+03 3.292187417282980177e-08
1.976000000000000000e+03 3.334056534599158878e-08
1.975000000000000000e+03 3.429865774367418345e-08
1.974000000000000000e+03 3.544793207731622015e-08
1.973000000000000000e+03 3.695218126108451269e-08
1.972000000000000000e+03 3.881940581127580719e-08
1.971000000000000000e+03 4.123289638975689287e-08
1.970000000000000000e+03 4.417842531475831679e-08
1.969000000000000000e+03 4.785162151772487982e-08
1.968000000000000000e+03 5.242843866774238198e-08
1.967000000000000000e+03 5.790350886288546885e-08
1.966000000000000000e+03 6.466290926941353499e-08
1.965000000000000000e+03 7.305247090894968808e-08
1.964000000000000000e+03 8.344621437224273736e-08
1.963000000000000000e+03 9.642580076423871435e-08
1.962000000000000000e+03 1.126977797947596854e-07
1.961000000000000000e+03 1.330523877847555580e-07
1.960000000000000000e+03 1.584521647917191623e-07
1.959000000000000000e+03 1.889286403224153903e-07
1.958000000000000000e+03 2.277097122784626436e-07
1.957000000000000000e+03 2.705302058694301696e-07
1.956000000000000000e+03 3.156159999617853793e-07
1.955000000000000000e+03 3.594592016191744976e-07
1.954000000000000000e+03 3.908507799753304894e-07
1.953000000000000000e+03 4.059508465809655557e-07
1.952000000000000000e+03 4.026570343940274132e-07
1.951000000000000000e+03 3.823708300784420754e-07
1.950000000000000000e+03 3.524801004502817974e-07
1.949000000000000000e+03 3.203320692914933638e-07
1.948000000000000000e+03 2.896468964755516327e-07
1.947000000000000000e+03 2.605622461037356947e-07
1.946000000000000000e+03 2.368497816647888121e-07
1.945000000000000000e+03 2.147813028531446139e-07
1.944000000000000000e+03 1.983000643702778219e-07
1.943000000000000000e+03 1.854693584884257264e-07
1.942000000000000000e+03 1.746535396141063963e-07
1.941000000000000000e+03 1.664375778660226305e-07
1.940000000000000000e+03 1.600493914235937603e-07
1.939000000000000000e+03 1.555631659775290048e-07
1.938000000000000000e+03 1.527429947276801400e-07
1.937000000000000000e+03 1.514331774574140013e-07
1.936000000000000000e+03 1.514552795194393896e-07
1.935000000000000000e+03 1.527658133371785537e-07
1.934000000000000000e+03 1.556211072064555247e-07
1.933000000000000000e+03 1.595839490196358732e-07
1.932000000000000000e+03 1.652368173664751677e-07
1.931000000000000000e+03 1.722173788802517341e-07
1.930000000000000000e+03 1.808435097600004644e-07
1.929000000000000000e+03 1.913371873088099796e-07
1.928000000000000000e+03 2.034765851102589334e-07
1.927000000000000000e+03 2.165895528086063169e-07
1.926000000000000000e+03 2.334767944105422986e-07
1.925000000000000000e+03 2.520578735236263535e-07
1.924000000000000000e+03 2.703631012158030502e-07
1.923000000000000000e+03 2.923037057144782567e-07
1.922000000000000000e+03 3.119335719019616555e-07
1.921000000000000000e+03 3.332093013010785587e-07
1.920000000000000000e+03 3.503361033947404856e-07
1.919000000000000000e+03 3.652440290230415303e-07
1.918000000000000000e+03 3.743230642271519258e-07
1.917000000000000000e+03 3.775643668369870929e-07
1.916000000000000000e+03 3.751856531683109728e-07
1.915000000000000000e+03 3.673082077157060266e-07
1.914000000000000000e+03 3.539758393314322308e-07
1.913000000000000000e+03 3.372582651568369348e-07
1.912000000000000000e+03 3.189396698371912048e-07
1.911000000000000000e+03 2.997839321297365138e-07
1.910000000000000000e+03 2.813266167674462065e-07
1.909000000000000000e+03 2.639927647666371768e-07
1.908000000000000000e+03 2.481606582446194339e-07
1.907000000000000000e+03 2.340756884823150830e-07
1.906000000000000000e+03 2.217624275535037491e-07
1.905000000000000000e+03 2.112231467348299719e-07
1.904000000000000000e+03 2.023911455451445009e-07
1.903000000000000000e+03 1.951555358628833802e-07
1.902000000000000000e+03 1.894351206600332060e-07
1.901000000000000000e+03 1.851021873568567298e-07
1.900000000000000000e+03 1.821142221801590342e-07
1.899000000000000000e+03 1.803508289647179674e-07
1.898000000000000000e+03 1.798235878262186678e-07
1.897000000000000000e+03 1.804621996705339380e-07
1.896000000000000000e+03 1.822523209025695417e-07
1.895000000000000000e+03 1.851897962128052825e-07
1.894000000000000000e+03 1.893060938610086280e-07
1.893000000000000000e+03 1.945751090575455179e-07
1.892000000000000000e+03 2.011191691031752769e-07
1.891000000000000000e+03 2.088646609252965370e-07
1.890000000000000000e+03 2.179318712067945485e-07
1.889000000000000000e+03 2.282791988618038047e-07
1.888000000000000000e+03 2.400211336775131549e-07
1.887000000000000000e+03 2.531291469849896434e-07
1.886000000000000000e+03 2.675666763082667544e-07
1.885000000000000000e+03 2.834101290086958647e-07
1.884000000000000000e+03 3.004927998647660071e-07
1.883000000000000000e+03 3.187397394616233347e-07
1.882000000000000000e+03 3.379795864496595566e-07
1.881000000000000000e+03 3.578463316480914537e-07
1.880000000000000000e+03 3.783052898340314295e-07
1.879000000000000000e+03 3.988234207325588122e-07
1.878000000000000000e+03 4.191485223045693076e-07
1.877000000000000000e+03 4.388047161236078286e-07
1.876000000000000000e+03 4.574088687234056704e-07
1.875000000000000000e+03 4.748564554735412435e-07
1.874000000000000000e+03 4.907993717472582585e-07
1.873000000000000000e+03 5.050127844203646982e-07
1.872000000000000000e+03 5.177533913207861535e-07
1.871000000000000000e+03 5.286915796085091725e-07
1.870000000000000000e+03 5.384391417610654593e-07
1.869000000000000000e+03 5.468877591793311347e-07
1.868000000000000000e+03 5.544708599795139895e-07
1.867000000000000000e+03 5.616037470805678544e-07
1.866000000000000000e+03 5.683723150862706036e-07
1.865000000000000000e+03 5.755326583473734257e-07
1.864000000000000000e+03 5.829514350074722927e-07
1.863000000000000000e+03 5.913409919734657385e-07
1.862000000000000000e+03 6.009264607254703701e-07
1.861000000000000000e+03 6.120891372106596515e-07
1.860000000000000000e+03 6.249951060793951310e-07
1.859000000000000000e+03 6.400876932383529062e-07
1.858000000000000000e+03 6.576953297606095038e-07
1.857000000000000000e+03 6.782203351534518688e-07
1.856000000000000000e+03 7.020174439383857396e-07
1.855000000000000000e+03 7.297817753450047192e-07
1.854000000000000000e+03 7.618682451618407508e-07
1.853000000000000000e+03 7.989807680165166180e-07
1.852000000000000000e+03 8.419689880533197676e-07
1.851000000000000000e+03 8.914129285356725758e-07
1.850000000000000000e+03 9.488317835121471584e-07
1.849000000000000000e+03 1.015411604851029255e-06
1.848000000000000000e+03 1.092585696121463806e-06
1.847000000000000000e+03 1.181886590190116249e-06
1.846000000000000000e+03 1.286309406372824832e-06
1.845000000000000000e+03 1.408088509837496675e-06
1.844000000000000000e+03 1.550988248886122026e-06
1.843000000000000000e+03 1.718822860883726501e-06
1.842000000000000000e+03 1.916347643319139890e-06
1.841000000000000000e+03 2.150591901263624132e-06
1.840000000000000000e+03 2.428959521089725323e-06
1.839000000000000000e+03 2.760939281422095772e-06
1.838000000000000000e+03 3.158196640291609076e-06
1.837000000000000000e+03 3.634848171411258904e-06
1.836000000000000000e+03 4.210486935187701976e-06
1.835000000000000000e+03 4.906982218197869718e-06
1.834000000000000000e+03 5.750434570732492781e-06
1.833000000000000000e+03 6.776482526253226190e-06
1.832000000000000000e+03 8.023263398343152857e-06
1.831000000000000000e+03 9.545598606782539810e-06
1.830000000000000000e+03 1.139734352002935353e-05
1.829000000000000000e+03 1.365132473304459617e-05
1.828000000000000000e+03 1.638303051611500404e-05
1.827000000000000000e+03 1.968814534387186145e-05
1.826000000000000000e+03 2.366414062210517302e-05
1.825000000000000000e+03 2.841495906809976440e-05
1.824000000000000000e+03 3.404183180880770700e-05
1.823000000000000000e+03 4.066497640708463632e-05
1.822000000000000000e+03 4.839184750602279695e-05
1.821000000000000000e+03 5.731304703114520517e-05
1.820000000000000000e+03 6.754424502789389199e-05
1.819000000000000000e+03 7.922868671582518991e-05
1.818000000000000000e+03 9.249549006818079389e-05
1.817000000000000000e+03 1.075617856479550813e-04
1.816000000000000000e+03 1.246348334177365563e-04
1.815000000000000000e+03 1.441357563578607437e-04
1.814000000000000000e+03 1.665208674706521934e-04
1.813000000000000000e+03 1.924258242569906524e-04
1.812000000000000000e+03 2.227297899825847341e-04
1.811000000000000000e+03 2.584813175707750365e-04
1.810000000000000000e+03 3.010788275163160839e-04
1.809000000000000000e+03 3.523830577264844039e-04
1.808000000000000000e+03 4.148057788041499376e-04
1.807000000000000000e+03 4.914995308481737461e-04
1.806000000000000000e+03 5.868059871921782944e-04
1.805000000000000000e+03 7.061585428171765402e-04
1.804000000000000000e+03 8.570306213625989052e-04
1.803000000000000000e+03 1.049422468962948711e-03
1.802000000000000000e+03 1.296834200293176973e-03
1.801000000000000000e+03 1.617026880360206533e-03
1.800000000000000000e+03 2.033481383505657096e-03
1.799000000000000000e+03 2.577555334761588712e-03
1.798000000000000000e+03 3.285490203643656910e-03
1.797000000000000000e+03 4.201362748414132903e-03
1.796000000000000000e+03 5.366220531008979513e-03
1.795000000000000000e+03 6.804601933068366026e-03
1.794000000000000000e+03 8.507666214038821922e-03
1.793000000000000000e+03 1.040017706859587901e-02
1.792000000000000000e+03 1.234100039854988534e-02
1.791000000000000000e+03 1.414701751977352241e-02
1.790000000000000000e+03 1.564483134178212831e-02
1.789000000000000000e+03 1.673722158304970231e-02
1.788000000000000000e+03 1.742225049130347383e-02
1.787000000000000000e+03 1.776853238997898321e-02
1.786000000000000000e+03 1.787805936069026755e-02
1.785000000000000000e+03 1.785023683214959078e-02
1.784000000000000000e+03 1.774973821846582284e-02
1.783000000000000000e+03 1.763270775549193037e-02
1.782000000000000000e+03 1.752140897748577161e-02
1.781000000000000000e+03 1.742614383305253825e-02
1.780000000000000000e+03 1.735533065085610033e-02
1.779000000000000000e+03 1.731116188965224623e-02
1.778000000000000000e+03 1.728515718769057727e-02
1.777000000000000000e+03 1.728279506886114258e-02
1.776000000000000000e+03 1.729569198383694092e-02
1.775000000000000000e+03 1.733188861664076985e-02
1.774000000000000000e+03 1.738696911027762942e-02
1.773000000000000000e+03 1.745975984111041573e-02
1.772000000000000000e+03 1.755780462396949390e-02
1.771000000000000000e+03 1.767527903799401626e-02
1.770000000000000000e+03 1.781933075628302013e-02
1.769000000000000000e+03 1.797943112205612273e-02
1.768000000000000000e+03 1.815827677784615998e-02
1.767000000000000000e+03 1.835760980642166251e-02
1.766000000000000000e+03 1.856281751691235896e-02
1.765000000000000000e+03 1.877963639608131591e-02
1.764000000000000000e+03 1.899682917511566829e-02
1.763000000000000000e+03 1.921628237378679438e-02
1.762000000000000000e+03 1.943046292256236929e-02
1.761000000000000000e+03 1.963195214078183176e-02
1.760000000000000000e+03 1.982696430109104346e-02
1.759000000000000000e+03 2.000841884567874235e-02
1.758000000000000000e+03 2.017337833086123300e-02
1.757000000000000000e+03 2.032402903441188693e-02
1.756000000000000000e+03 2.045825474696433624e-02
1.755000000000000000e+03 2.057866023826675217e-02
1.754000000000000000e+03 2.067890255911928113e-02
1.753000000000000000e+03 2.076680226384651842e-02
1.752000000000000000e+03 2.083180317479662799e-02
1.751000000000000000e+03 2.087745759468857473e-02
1.750000000000000000e+03 2.090816643457736601e-02
1.749000000000000000e+03 2.090895986336308368e-02
1.748000000000000000e+03 2.088925055176717865e-02
1.747000000000000000e+03 2.084473936709579228e-02
1.746000000000000000e+03 2.077571491694414282e-02
1.745000000000000000e+03 2.067391174918969607e-02
1.744000000000000000e+03 2.054966306698383441e-02
1.743000000000000000e+03 2.040063800363222171e-02
1.742000000000000000e+03 2.023265580334114230e-02
1.741000000000000000e+03 2.003958333703518419e-02
1.740000000000000000e+03 1.982766715055093998e-02
1.739000000000000000e+03 1.960996156774385060e-02
1.738000000000000000e+03 1.937895696560058487e-02
1.737000000000000000e+03 1.914347165562759259e-02
1.736000000000000000e+03 1.891018980804497901e-02
1.735000000000000000e+03 1.868266909534992137e-02
1.734000000000000000e+03 1.846376986082247720e-02
1.733000000000000000e+03 1.825238595701273586e-02
1.732000000000000000e+03 1.805605000095136109e-02
1.731000000000000000e+03 1.787717489405933266e-02
1.730000000000000000e+03 1.771923449149723911e-02
1.729000000000000000e+03 1.757605958312814451e-02
1.728000000000000000e+03 1.745904820707984764e-02
1.727000000000000000e+03 1.736117860204027322e-02
1.726000000000000000e+03 1.728966236199043494e-02
1.725000000000000000e+03 1.724053270791038942e-02
1.724000000000000000e+03 1.721651374558398964e-02
1.723000000000000000e+03 1.721645696253753730e-02
1.722000000000000000e+03 1.724235645025535765e-02
1.721000000000000000e+03 1.729593508705999996e-02
1.720000000000000000e+03 1.737442497836418770e-02
1.719000000000000000e+03 1.747875532052016803e-02
1.718000000000000000e+03 1.760924821562248610e-02
1.717000000000000000e+03 1.776171765069024799e-02
1.716000000000000000e+03 1.793982426429704957e-02
1.715000000000000000e+03 1.813912671913122873e-02
1.714000000000000000e+03 1.835851768188718341e-02
1.713000000000000000e+03 1.858864388184689950e-02
1.712000000000000000e+03 1.883654445058216206e-02
1.711000000000000000e+03 1.908820342616410204e-02
1.710000000000000000e+03 1.934623939136058055e-02
1.709000000000000000e+03 1.960098453357314585e-02
1.708000000000000000e+03 1.984981692082556787e-02
1.707000000000000000e+03 2.008294766039865620e-02
1.706000000000000000e+03 2.030235249038666451e-02
1.705000000000000000e+03 2.050359632562684387e-02
1.704000000000000000e+03 2.067487827647326512e-02
1.703000000000000000e+03 2.082160113653026487e-02
1.702000000000000000e+03 2.093231654778518469e-02
1.701000000000000000e+03 2.101370963567490702e-02
1.700000000000000000e+03 2.105971562097420577e-02
1.699000000000000000e+03 2.107330365599661970e-02
1.698000000000000000e+03 2.104916846464026381e-02
1.697000000000000000e+03 2.099665540820028209e-02
1.696000000000000000e+03 2.091103909728492249e-02
1.695000000000000000e+03 2.079796408684695883e-02
1.694000000000000000e+03 2.065840309732255159e-02
1.693000000000000000e+03 2.049413373621990567e-02
1.692000000000000000e+03 2.030713486556021130e-02
1.691000000000000000e+03 2.009550815554184133e-02
1.690000000000000000e+03 1.987108982768448495e-02
1.689000000000000000e+03 1.962835200093900404e-02
1.688000000000000000e+03 1.937099781844752247e-02
1.687000000000000000e+03 1.910335889425884143e-02
1.686000000000000000e+03 1.882973161080447877e-02
1.685000000000000000e+03 1.855051059802366800e-02
1.684000000000000000e+03 1.827500216509105394e-02
1.683000000000000000e+03 1.800354446868884101e-02
1.682000000000000000e+03 1.774141264180048236e-02
1.681000000000000000e+03 1.749290596956608324e-02
1.680000000000000000e+03 1.726704480617725912e-02
1.679000000000000000e+03 1.705908581107469166e-02
1.678000000000000000e+03 1.688573621216820503e-02
1.677000000000000000e+03 1.674084990118940644e-02
1.676000000000000000e+03 1.663637190105650421e-02
1.675000000000000000e+03 1.656851756978196602e-02
1.674000000000000000e+03 1.654063476450779238e-02
1.673000000000000000e+03 1.655870323652591444e-02
1.672000000000000000e+03 1.661770149523670442e-02
1.671000000000000000e+03 1.671378513626723544e-02
1.670000000000000000e+03 1.685667496064422941e-02
1.669000000000000000e+03 1.703334734537480938e-02
1.668000000000000000e+03 1.724468552937777344e-02
1.667000000000000000e+03 1.748708570297910492e-02
1.666000000000000000e+03 1.775330764138110390e-02
1.665000000000000000e+03 1.803792927766471529e-02
1.664000000000000000e+03 1.834145041830751582e-02
1.663000000000000000e+03 1.864456352868174016e-02
1.662000000000000000e+03 1.895576853599144698e-02
1.661000000000000000e+03 1.925934422830736029e-02
1.660000000000000000e+03 1.955547215399964026e-02
1.659000000000000000e+03 1.983718725005194014e-02
1.658000000000000000e+03 2.010480636484127462e-02
1.657000000000000000e+03 2.034299929762754811e-02
1.656000000000000000e+03 2.055678456982282243e-02
1.655000000000000000e+03 2.074200802547606498e-02
1.654000000000000000e+03 2.089444081323401509e-02
1.653000000000000000e+03 2.101231894074089349e-02
1.652000000000000000e+03 2.109588237627990984e-02
1.651000000000000000e+03 2.114199693301168845e-02
1.650000000000000000e+03 2.114491407292751896e-02
1.649000000000000000e+03 2.111042661914142374e-02
1.648000000000000000e+03 2.103659599369908303e-02
1.647000000000000000e+03 2.092373865393998278e-02
1.646000000000000000e+03 2.076427482143241091e-02
1.645000000000000000e+03 2.057658868802060212e-02
1.644000000000000000e+03 2.034842103389692541e-02
1.643000000000000000e+03 2.009141896199783534e-02
1.642000000000000000e+03 1.980805135143819465e-02
1.641000000000000000e+03 1.950231634637407396e-02
1.640000000000000000e+03 1.918237845507914097e-02
1.639000000000000000e+03 1.886104357417767163e-02
1.638000000000000000e+03 1.853072155984002503e-02
1.637000000000000000e+03 1.821574378669973265e-02
1.636000000000000000e+03 1.791104921015805942e-02
1.635000000000000000e+03 1.763272346335869808e-02
1.634000000000000000e+03 1.738242307799622507e-02
1.633000000000000000e+03 1.716418904139078300e-02
1.632000000000000000e+03 1.699311982927208947e-02
1.631000000000000000e+03 1.686120260724760164e-02
1.630000000000000000e+03 1.678061145540196697e-02
1.629000000000000000e+03 1.674721529194269851e-02
1.628000000000000000e+03 1.676529531889569408e-02
1.627000000000000000e+03 1.683143422200875441e-02
1.626000000000000000e+03 1.694384065248132759e-02
1.625000000000000000e+03 1.710216492745418940e-02
1.624000000000000000e+03 1.730001092421534770e-02
1.623000000000000000e+03 1.753025853754617419e-02
1.622000000000000000e+03 1.779266594779868940e-02
1.621000000000000000e+03 1.807876793805310300e-02
1.620000000000000000e+03 1.837810022263333329e-02
1.619000000000000000e+03 1.868931992313215690e-02
1.618000000000000000e+03 1.900193059735734089e-02
1.617000000000000000e+03 1.931709324576475970e-02
1.616000000000000000e+03 1.961398787873324875e-02
1.615000000000000000e+03 1.990262067459249232e-02
1.614000000000000000e+03 2.016489759639824089e-02
1.613000000000000000e+03 2.040365623885401561e-02
1.612000000000000000e+03 2.060681467792582419e-02
1.611000000000000000e+03 2.077269716816659145e-02
1.610000000000000000e+03 2.090176336935741647e-02
1.609000000000000000e+03 2.098369672004010006e-02
1.608000000000000000e+03 2.102074347514375913e-02
1.607000000000000000e+03 2.100143951794457287e-02
1.606000000000000000e+03 2.094092127164931538e-02
1.605000000000000000e+03 2.082207867975078772e-02
1.604000000000000000e+03 2.065844030975538467e-02
1.603000000000000000e+03 2.044656147159971959e-02
1.602000000000000000e+03 2.018996812974951927e-02
1.601000000000000000e+03 1.990470203279690042e-02
1.600000000000000000e+03 1.958453002902591292e-02
1.599000000000000000e+03 1.924790814988129248e-02
1.598000000000000000e+03 1.889255710022683110e-02
1.597000000000000000e+03 1.854502853693383926e-02
1.596000000000000000e+03 1.819862639445941552e-02
1.595000000000000000e+03 1.787361705713605073e-02
1.594000000000000000e+03 1.757483954907274742e-02
1.593000000000000000e+03 1.730927267182583856e-02
1.592000000000000000e+03 1.708726000526957639e-02
1.591000000000000000e+03 1.691302633019326276e-02
1.590000000000000000e+03 1.679287421324306834e-02
1.589000000000000000e+03 1.672599607975973693e-02
1.588000000000000000e+03 1.671919881029509600e-02
1.587000000000000000e+03 1.676818171437036153e-02
1.586000000000000000e+03 1.686447184122783632e-02
1.585000000000000000e+03 1.702004771785427251e-02
1.584000000000000000e+03 1.721345292832166321e-02
1.583000000000000000e+03 1.744897891758882130e-02
1.582000000000000000e+03 1.771514300021429650e-02
1.581000000000000000e+03 1.800117670260041602e-02
1.580000000000000000e+03 1.830612513824699319e-02
1.579000000000000000e+03 1.861209652698749342e-02
1.578000000000000000e+03 1.891882072303230702e-02
1.577000000000000000e+03 1.920991637219451528e-02
1.576000000000000000e+03 1.949281514645388388e-02
1.575000000000000000e+03 1.974172286843066046e-02
1.574000000000000000e+03 1.996205225524641177e-02
1.573000000000000000e+03 2.015061936688388247e-02
1.572000000000000000e+03 2.029389826718286036e-02
1.571000000000000000e+03 2.039627114464289195e-02
1.570000000000000000e+03 2.045175097200066169e-02
1.569000000000000000e+03 2.046049817982794131e-02
1.568000000000000000e+03 2.041908736198356014e-02
1.567000000000000000e+03 2.032770261944913046e-02
1.566000000000000000e+03 2.020430248046386004e-02
1.565000000000000000e+03 2.003195536829001713e-02
1.564000000000000000e+03 1.983566179319355346e-02
1.563000000000000000e+03 1.960455209376697414e-02
1.562000000000000000e+03 1.935979406117149110e-02
1.561000000000000000e+03 1.911477771191373923e-02
1.560000000000000000e+03 1.885932445261445656e-02
1.559000000000000000e+03 1.862922869739917428e-02
1.558000000000000000e+03 1.840687255658097002e-02
1.557000000000000000e+03 1.821888751395613071e-02
1.556000000000000000e+03 1.806645735613887985e-02
1.555000000000000000e+03 1.794917924823253783e-02
1.554000000000000000e+03 1.787655138464189566e-02
1.553000000000000000e+03 1.783877468828546850e-02
1.552000000000000000e+03 1.784182823615726443e-02
1.551000000000000000e+03 1.787885234506745441e-02
1.550000000000000000e+03 1.793276839686274576e-02
1.549000000000000000e+03 1.800729419924353841e-02
1.548000000000000000e+03 1.808423899984700281e-02
1.547000000000000000e+03 1.815544447378769632e-02
1.546000000000000000e+03 1.821393125796992238e-02
1.545000000000000000e+03 1.824045349993491313e-02
1.544000000000000000e+03 1.824113228458162234e-02
1.543000000000000000e+03 1.820195386292664322e-02
1.542000000000000000e+03 1.812584801699081150e-02
1.541000000000000000e+03 1.801419062922869282e-02
1.540000000000000000e+03 1.786305664435883581e-02
1.539000000000000000e+03 1.770318299068400492e-02
1.538000000000000000e+03 1.752509507294159816e-02
1.537000000000000000e+03 1.735816562481646425e-02
1.536000000000000000e+03 1.721876337677076541e-02
1.535000000000000000e+03 1.712178795529396141e-02
1.534000000000000000e+03 1.709211433517700621e-02
1.533000000000000000e+03 1.714029868079058536e-02
1.532000000000000000e+03 1.728158745084092465e-02
1.531000000000000000e+03 1.752848044306174607e-02
1.530000000000000000e+03 1.787241207585280045e-02
1.529000000000000000e+03 1.831513992284551640e-02
1.528000000000000000e+03 1.882922457816607262e-02
1.527000000000000000e+03 1.938493707123038756e-02
1.526000000000000000e+03 1.995377118202825567e-02
1.525000000000000000e+03 2.047174270461238690e-02
1.524000000000000000e+03 2.089483214506640540e-02
1.523000000000000000e+03 2.117111647068479346e-02
1.522000000000000000e+03 2.124112241710757881e-02
1.521000000000000000e+03 2.107696550871067387e-02
1.520000000000000000e+03 2.067037010885594203e-02
1.519000000000000000e+03 2.004359405876810635e-02
1.518000000000000000e+03 1.930022580688682543e-02
1.517000000000000000e+03 1.860447162590123105e-02
1.516000000000000000e+03 1.826040583865983988e-02
1.515000000000000000e+03 1.871041565250685171e-02
1.514000000000000000e+03 2.055233614596221545e-02
1.513000000000000000e+03 2.457539258884795796e-02
1.512000000000000000e+03 3.163662574117521303e-02
1.511000000000000000e+03 4.252460262959918691e-02
1.510000000000000000e+03 5.775705440707215588e-02
1.509000000000000000e+03 7.718402536671155334e-02
1.508000000000000000e+03 9.988168791872796548e-02
1.507000000000000000e+03 1.242590562414984667e-01
1.506000000000000000e+03 1.481498770622206584e-01
1.505000000000000000e+03 1.698816697289527722e-01
1.504000000000000000e+03 1.881962687254431221e-01
1.503000000000000000e+03 2.025876207811258822e-01
1.502000000000000000e+03 2.133219857220829685e-01
1.501000000000000000e+03 2.209775996172541335e-01
1.500000000000000000e+03 2.261493538268865566e-01
1.499000000000000000e+03 2.296956206959592517e-01
1.498000000000000000e+03 2.318938404602932657e-01
1.497000000000000000e+03 2.332552686958414279e-01
1.496000000000000000e+03 2.341813932381764107e-01
1.495000000000000000e+03 2.346668229722188581e-01
1.494000000000000000e+03 2.349343848566554094e-01
1.493000000000000000e+03 2.351197578157193102e-01
1.492000000000000000e+03 2.351558077396239399e-01
1.491000000000000000e+03 2.351098370254257053e-01
1.490000000000000000e+03 2.351443475802287297e-01
1.489000000000000000e+03 2.349687819345459838e-01
1.488000000000000000e+03 2.348534339649972214e-01
1.487000000000000000e+03 2.347688687879422587e-01
1.486000000000000000e+03 2.345565656721112502e-01
1.485000000000000000e+03 2.344168854718497175e-01
1.484000000000000000e+03 2.343197885245367762e-01
1.483000000000000000e+03 2.340865922921729070e-01
1.482000000000000000e+03 2.340146577750611134e-01
1.481000000000000000e+03 2.339424888295911775e-01
1.480000000000000000e+03 2.337856452264283347e-01
1.479000000000000000e+03 2.338294911813559585e-01
1.478000000000000000e+03 2.337686988602306337e-01
1.477000000000000000e+03 2.335802550462443838e-01
1.476000000000000000e+03 2.332947194896521359e-01
1.475000000000000000e+03 2.324303314693167422e-01
1.474000000000000000e+03 2.305775196452340692e-01
1.473000000000000000e+03 2.275798383059554897e-01
1.472000000000000000e+03 2.226753957349552615e-01
1.471000000000000000e+03 2.156123036321802300e-01
1.470000000000000000e+03 2.064575264489444117e-01
1.469000000000000000e+03 1.952100697039375610e-01
1.468000000000000000e+03 1.822572170260687852e-01
1.467000000000000000e+03 1.683212202414212932e-01
1.466000000000000000e+03 1.538486910953834885e-01
1.465000000000000000e+03 1.393583582849953206e-01
1.464000000000000000e+03 1.254042083736243984e-01
1.463000000000000000e+03 1.122649996440588244e-01
1.462000000000000000e+03 1.000487894622206775e-01
1.461000000000000000e+03 8.898692494973796385e-02
1.460000000000000000e+03 7.900446595516501247e-02
1.459000000000000000e+03 7.006464601410000714e-02
1.458000000000000000e+03 6.212934957989123957e-02
1.457000000000000000e+03 5.513165283173764725e-02
1.456000000000000000e+03 4.893592703095904495e-02
1.455000000000000000e+03 4.348774912507170909e-02
1.454000000000000000e+03 3.870659746149220093e-02
1.453000000000000000e+03 3.448689080269486812e-02
1.452000000000000000e+03 3.078193730987739685e-02
1.451000000000000000e+03 2.754470963599518762e-02
1.450000000000000000e+03 2.468164029028551559e-02
1.449000000000000000e+03 2.216688543132294686e-02
1.448000000000000000e+03 1.996346191532941822e-02
1.447000000000000000e+03 1.801782444994244267e-02
1.446000000000000000e+03 1.629603240885012932e-02
1.445000000000000000e+03 1.479190781379398009e-02
1.444000000000000000e+03 1.347194782912639575e-02
1.443000000000000000e+03 1.230720458774552627e-02
1.442000000000000000e+03 1.129400251636154470e-02
1.441000000000000000e+03 1.041654439392934554e-02
1.440000000000000000e+03 9.647270938436857193e-03
1.439000000000000000e+03 8.980263457166915916e-03
1.438000000000000000e+03 8.406528250335132749e-03
1.437000000000000000e+03 7.910300264343845741e-03
1.436000000000000000e+03 7.480167753209603435e-03
1.435000000000000000e+03 7.112699450422693172e-03
1.434000000000000000e+03 6.800665038279155895e-03
1.433000000000000000e+03 6.532336350499668050e-03
1.432000000000000000e+03 6.311091490360337848e-03
1.431000000000000000e+03 6.130418864486479255e-03
1.430000000000000000e+03 5.983933776611789941e-03
1.429000000000000000e+03 5.871985062544409460e-03
1.428000000000000000e+03 5.794027125491964247e-03
1.427000000000000000e+03 5.745177326982969963e-03
1.426000000000000000e+03 5.721492193132208907e-03
1.425000000000000000e+03 5.727256772574054224e-03
1.424000000000000000e+03 5.760021561575128998e-03
1.423000000000000000e+03 5.813290071162944932e-03
1.422000000000000000e+03 5.887393612313519646e-03
1.421000000000000000e+03 5.985879701117041533e-03
1.420000000000000000e+03 6.103643035300309293e-03
1.419000000000000000e+03 6.233009674194149585e-03
1.418000000000000000e+03 6.378614261375060816e-03
1.417000000000000000e+03 6.536999650534590540e-03
1.416000000000000000e+03 6.697362363398373999e-03
1.415000000000000000e+03 6.855142449904129409e-03
1.414000000000000000e+03 7.008700824401914442e-03
1.413000000000000000e+03 7.147078815934414069e-03
1.412000000000000000e+03 7.250930897346853123e-03
1.411000000000000000e+03 7.317691030546111947e-03
1.410000000000000000e+03 7.340983755936009679e-03
1.409000000000000000e+03 7.306407524130730143e-03
1.408000000000000000e+03 7.204583322840744236e-03
1.407000000000000000e+03 7.043534706691106408e-03
1.406000000000000000e+03 6.824773272400508524e-03
1.405000000000000000e+03 6.549909860944082979e-03
1.404000000000000000e+03 6.232770910910178340e-03
1.403000000000000000e+03 5.889637383494966336e-03
1.402000000000000000e+03 5.530519622825101622e-03
1.401000000000000000e+03 5.161444115435265788e-03
1.400000000000000000e+03 4.796445650695509502e-03
1.399000000000000000e+03 4.447516610625137576e-03
1.398000000000000000e+03 4.116415852748889735e-03
1.397000000000000000e+03 3.802346260575173702e-03
1.396000000000000000e+03 3.511785146253714775e-03
1.395000000000000000e+03 3.246301671882653728e-03
1.394000000000000000e+03 3.003311113803030195e-03
1.393000000000000000e+03 2.779713505962129461e-03
1.392000000000000000e+03 2.576794871599561061e-03
1.391000000000000000e+03 2.394252769401517249e-03
1.390000000000000000e+03 2.227711809363085941e-03
1.389000000000000000e+03 2.076031587455713732e-03
1.388000000000000000e+03 1.938938954537581215e-03
1.387000000000000000e+03 1.817009297911143743e-03
1.386000000000000000e+03 1.706640844951837384e-03
1.385000000000000000e+03 1.607695944980500882e-03
1.384000000000000000e+03 1.520006615188326457e-03
1.383000000000000000e+03 1.443760546459830173e-03
1.382000000000000000e+03 1.377321319623056031e-03
1.381000000000000000e+03 1.319965091882926598e-03
1.380000000000000000e+03 1.272444434597481445e-03
1.379000000000000000e+03 1.234417796559066994e-03
1.378000000000000000e+03 1.205374065949917778e-03
1.377000000000000000e+03 1.184724596626472899e-03
1.376000000000000000e+03 1.172724002335865648e-03
1.375000000000000000e+03 1.170011571183024153e-03
1.374000000000000000e+03 1.176262924469781944e-03
1.373000000000000000e+03 1.190999280690418919e-03
1.372000000000000000e+03 1.214004554886630432e-03
1.371000000000000000e+03 1.244198701289310873e-03
1.370000000000000000e+03 1.278881279192715329e-03
1.369000000000000000e+03 1.310854231782836599e-03
1.368000000000000000e+03 1.332504986491111652e-03
1.367000000000000000e+03 1.336705955881794822e-03
1.366000000000000000e+03 1.315362861549616413e-03
1.365000000000000000e+03 1.260438729059149866e-03
1.364000000000000000e+03 1.168129191483081300e-03
1.363000000000000000e+03 1.043187399203721836e-03
1.362000000000000000e+03 8.991608534012351809e-04
1.361000000000000000e+03 7.523781656383442392e-04
1.360000000000000000e+03 6.159653652626062960e-04
1.359000000000000000e+03 4.975402896073728969e-04
1.358000000000000000e+03 3.994272016548861990e-04
1.357000000000000000e+03 3.206145433267169951e-04
1.356000000000000000e+03 2.582031954370292794e-04
1.355000000000000000e+03 2.091945458677511502e-04
1.354000000000000000e+03 1.707857300669994344e-04
1.353000000000000000e+03 1.406817002648645177e-04
1.352000000000000000e+03 1.169879191584009316e-04
1.351000000000000000e+03 9.820187656512433633e-05
1.350000000000000000e+03 8.326044791026267114e-05
1.349000000000000000e+03 7.124830900168043694e-05
1.348000000000000000e+03 6.157573418678186474e-05
1.347000000000000000e+03 5.371247596881122924e-05
1.346000000000000000e+03 4.729280446156108029e-05
1.345000000000000000e+03 4.202065549042082712e-05
1.344000000000000000e+03 3.765256086363216709e-05
1.343000000000000000e+03 3.402499832196921879e-05
1.342000000000000000e+03 3.101378539460848265e-05
1.341000000000000000e+03 2.849695390464288672e-05
1.340000000000000000e+03 2.640707551698301360e-05
1.339000000000000000e+03 2.467184067307002113e-05
1.338000000000000000e+03 2.324304032865024075e-05
1.337000000000000000e+03 2.209402795290792476e-05
1.336000000000000000e+03 2.119317791499408628e-05
1.335000000000000000e+03 2.051269474404080975e-05
1.334000000000000000e+03 2.004708048487924881e-05
1.333000000000000000e+03 1.978462441664589387e-05
1.332000000000000000e+03 1.972613748258992216e-05
1.331000000000000000e+03 1.987451575756416579e-05
1.330000000000000000e+03 2.023970082128574981e-05
1.329000000000000000e+03 2.085377629339261714e-05
1.328000000000000000e+03 2.174210624123382412e-05
1.327000000000000000e+03 2.296072764784233387e-05
1.326000000000000000e+03 2.458478443426311780e-05
1.325000000000000000e+03 2.673518061604183098e-05
1.324000000000000000e+03 2.958540113256914598e-05
1.323000000000000000e+03 3.339541141824369918e-05
1.322000000000000000e+03 3.850262782501129695e-05
1.321000000000000000e+03 4.514304595297627859e-05
1.320000000000000000e+03 5.281219286933193705e-05
1.319000000000000000e+03 6.066900342407917411e-05
1.318000000000000000e+03 6.949857774658142902e-05
1.317000000000000000e+03 8.038840072518444325e-05
1.316000000000000000e+03 9.220917231073981154e-05
1.315000000000000000e+03 1.016063835022925065e-04
1.314000000000000000e+03 1.043016984618065158e-04
1.313000000000000000e+03 9.820555308065665769e-05
1.312000000000000000e+03 8.561538050217986663e-05
1.311000000000000000e+03 7.089585971623708872e-05
1.310000000000000000e+03 5.732586245045938773e-05
1.309000000000000000e+03 4.614390666661618331e-05
1.308000000000000000e+03 3.744482006209059728e-05
1.307000000000000000e+03 3.082072636300601094e-05
1.306000000000000000e+03 2.579817189663173441e-05
1.305000000000000000e+03 2.199332831402945387e-05
1.304000000000000000e+03 1.908124008801711694e-05
1.303000000000000000e+03 1.684669918389759160e-05
1.302000000000000000e+03 1.512065239458856997e-05
1.301000000000000000e+03 1.379172818467320504e-05
1.300000000000000000e+03 1.277513847892004286e-05
1.299000000000000000e+03 1.200917383691869416e-05
1.298000000000000000e+03 1.145439880823198357e-05
1.297000000000000000e+03 1.108175682014053293e-05
1.296000000000000000e+03 1.088158886138647600e-05
1.295000000000000000e+03 1.084782490774148456e-05
1.294000000000000000e+03 1.099007897097096549e-05
1.293000000000000000e+03 1.133505529896400349e-05
1.292000000000000000e+03 1.192809837570225291e-05
1.291000000000000000e+03 1.286285654976182816e-05
1.290000000000000000e+03 1.431436815935351674e-05
1.289000000000000000e+03 1.657225361745560241e-05
1.288000000000000000e+03 1.985579361492125890e-05
1.287000000000000000e+03 2.302395754900443271e-05
1.286000000000000000e+03 2.404222732565797338e-05
1.285000000000000000e+03 2.466697681525315588e-05
1.284000000000000000e+03 2.680816845477308142e-05
1.283000000000000000e+03 3.074523175735608831e-05
1.282000000000000000e+03 3.659448247475351098e-05
1.281000000000000000e+03 4.459173459630613468e-05
1.280000000000000000e+03 5.487999599928337501e-05
1.279000000000000000e+03 6.691330266477986378e-05
1.278000000000000000e+03 7.861234926671433094e-05
1.277000000000000000e+03 8.627124384798228070e-05
1.276000000000000000e+03 8.660333210718720723e-05
1.275000000000000000e+03 7.981874536878252435e-05
1.274000000000000000e+03 6.917860281882742856e-05
1.273000000000000000e+03 5.804123355094974076e-05
1.272000000000000000e+03 4.822427653519419604e-05
1.271000000000000000e+03 4.020506419181786882e-05
1.270000000000000000e+03 3.387581734062117917e-05
1.269000000000000000e+03 2.894674554049773922e-05
1.268000000000000000e+03 2.513460186308468335e-05
1.267000000000000000e+03 2.219787076463838749e-05
1.266000000000000000e+03 1.995976597883173038e-05
1.265000000000000000e+03 1.829680529940936991e-05
1.264000000000000000e+03 1.712116746031110481e-05
1.263000000000000000e+03 1.639005241274937318e-05
1.262000000000000000e+03 1.612568343336117567e-05
1.261000000000000000e+03 1.641848359928192806e-05
1.260000000000000000e+03 1.729065441170837811e-05
1.259000000000000000e+03 1.798721311443801879e-05
1.258000000000000000e+03 1.734405735090019122e-05
1.257000000000000000e+03 1.646672237351061940e-05
1.256000000000000000e+03 1.626657635516009698e-05
1.255000000000000000e+03 1.667968922194333923e-05
1.254000000000000000e+03 1.758087884634841876e-05
1.253000000000000000e+03 1.894362574381777906e-05
1.252000000000000000e+03 2.081743449649495325e-05
1.251000000000000000e+03 2.330505717759110687e-05
1.250000000000000000e+03 2.659425626926597357e-05
1.249000000000000000e+03 3.091722804778075515e-05
1.248000000000000000e+03 3.662534252092273981e-05
1.247000000000000000e+03 4.412460041718513376e-05
1.246000000000000000e+03 5.380817894351137967e-05
1.245000000000000000e+03 6.572757109247924490e-05
1.244000000000000000e+03 7.876254013867327926e-05
1.243000000000000000e+03 8.957594629883389788e-05
1.242000000000000000e+03 9.302690939439046643e-05
1.241000000000000000e+03 8.633256982594340163e-05
1.240000000000000000e+03 7.255687864611561034e-05
1.239000000000000000e+03 5.725865479937402387e-05
1.238000000000000000e+03 4.402394480439156461e-05
1.237000000000000000e+03 3.376642979486738148e-05
1.236000000000000000e+03 2.617390975448571902e-05
1.235000000000000000e+03 2.060991516520459284e-05
1.234000000000000000e+03 1.652036734717925046e-05
1.233000000000000000e+03 1.347254468480582486e-05
1.232000000000000000e+03 1.117125202958784979e-05
1.231000000000000000e+03 9.407942519762106811e-06
1.230000000000000000e+03 8.043249865558142476e-06
1.229000000000000000e+03 6.971010415321823419e-06
1.228000000000000000e+03 6.126869656343309852e-06
1.227000000000000000e+03 5.455917700137374320e-06
1.226000000000000000e+03 4.922735996990107004e-06
1.225000000000000000e+03 4.498355279102450410e-06
1.224000000000000000e+03 4.162352562883763500e-06
1.223000000000000000e+03 3.898055050220112731e-06
1.222000000000000000e+03 3.692651746084231394e-06
1.221000000000000000e+03 3.537652528442568133e-06
1.220000000000000000e+03 3.425708707190691266e-06
1.219000000000000000e+03 3.351791269364830030e-06
1.218000000000000000e+03 3.313804268808855225e-06
1.217000000000000000e+03 3.309891060864284078e-06
1.216000000000000000e+03 3.340121069816996829e-06
1.215000000000000000e+03 3.407016205064825518e-06
1.214000000000000000e+03 3.513099780684025614e-06
1.213000000000000000e+03 3.662571640142842709e-06
1.212000000000000000e+03 3.861653149921720078e-06
1.211000000000000000e+03 4.118197702060565548e-06
1.210000000000000000e+03 4.442786679968769063e-06
1.209000000000000000e+03 4.847416195688945199e-06
1.208000000000000000e+03 5.351748496580899952e-06
1.207000000000000000e+03 5.978228619881766748e-06
1.206000000000000000e+03 6.764067446572939893e-06
1.205000000000000000e+03 7.756138338982894597e-06
1.204000000000000000e+03 9.025493238305290641e-06
1.203000000000000000e+03 1.066227429195950578e-05
1.202000000000000000e+03 1.280136512506824160e-05
1.201000000000000000e+03 1.561104723549570024e-05
1.200000000000000000e+03 1.931160500096141652e-05
1.199000000000000000e+03 2.413055375216575566e-05
1.198000000000000000e+03 3.020644185504806918e-05
1.197000000000000000e+03 3.735582302410874161e-05
1.196000000000000000e+03 4.475155593242309473e-05
1.195000000000000000e+03 5.080198575883460293e-05
1.194000000000000000e+03 5.376377239356018296e-05
1.193000000000000000e+03 5.298918466529748192e-05
1.192000000000000000e+03 4.938829768581470787e-05
1.191000000000000000e+03 4.448944739300461540e-05
1.190000000000000000e+03 3.953504730216324438e-05
1.189000000000000000e+03 3.516354338262178458e-05
1.188000000000000000e+03 3.159794316220989474e-05
1.187000000000000000e+03 2.883125907937251735e-05
1.186000000000000000e+03 2.680832346340349063e-05
1.185000000000000000e+03 2.550250745976007257e-05
1.184000000000000000e+03 2.494431387403514796e-05
1.183000000000000000e+03 2.530288386121766061e-05
1.182000000000000000e+03 2.684420729890693469e-05
1.181000000000000000e+03 2.943008031686490517e-05
1.180000000000000000e+03 3.136559345407205984e-05
1.179000000000000000e+03 3.095972025072994059e-05
1.178000000000000000e+03 2.938969197853649916e-05
1.177000000000000000e+03 2.817213748784593789e-05
1.176000000000000000e+03 2.769695895100369811e-05
1.175000000000000000e+03 2.788688501104862109e-05
1.174000000000000000e+03 2.864002399704542969e-05
1.173000000000000000e+03 2.989421641382944192e-05
1.172000000000000000e+03 3.161850005980411979e-05
1.171000000000000000e+03 3.384297569094381569e-05
1.170000000000000000e+03 3.660777314872620369e-05
1.169000000000000000e+03 3.995077123347977105e-05
1.168000000000000000e+03 4.403704664929566497e-05
1.167000000000000000e+03 4.904706994615187055e-05
1.166000000000000000e+03 5.519576015723468015e-05
1.165000000000000000e+03 6.277887187658677071e-05
1.164000000000000000e+03 7.216524793053566433e-05
1.163000000000000000e+03 8.378740901914468755e-05
1.162000000000000000e+03 9.819579245494842708e-05
1.161000000000000000e+03 1.160971703968164315e-04
1.160000000000000000e+03 1.381459468898999844e-04
1.159000000000000000e+03 1.649763897509145128e-04
1.158000000000000000e+03 1.972483597563290489e-04
1.157000000000000000e+03 2.349068644384794602e-04
1.156000000000000000e+03 2.769318390131610391e-04
1.155000000000000000e+03 3.204101441764494558e-04
1.154000000000000000e+03 3.609820651922265975e-04
1.153000000000000000e+03 3.933493403482454407e-04
1.152000000000000000e+03 4.141070756252089331e-04
1.151000000000000000e+03 4.232239329766233904e-04
1.150000000000000000e+03 4.240487326897701865e-04
1.149000000000000000e+03 4.202331408959883983e-04
1.148000000000000000e+03 4.144115933603231697e-04
1.147000000000000000e+03 4.068679678552748671e-04
1.146000000000000000e+03 3.965742486178552677e-04
1.145000000000000000e+03 3.802878699423319162e-04
1.144000000000000000e+03 3.532719114887975789e-04
1.143000000000000000e+03 3.110597153754412624e-04
1.142000000000000000e+03 2.539006662957910476e-04
1.141000000000000000e+03 1.901346985491233371e-04
1.140000000000000000e+03 1.322482575329464775e-04
1.139000000000000000e+03 8.880950313320329565e-05
1.138000000000000000e+03 6.094550566130332972e-05
1.137000000000000000e+03 4.499995104278988400e-05
1.136000000000000000e+03 3.657882141136433617e-05
1.135000000000000000e+03 3.238731178177323031e-05
1.134000000000000000e+03 3.052105892619490500e-05
1.133000000000000000e+03 3.004520198882496259e-05
1.132000000000000000e+03 3.057929419644362772e-05
1.131000000000000000e+03 3.193543446509998973e-05
1.130000000000000000e+03 3.397055174199915649e-05
1.129000000000000000e+03 3.650635985550123149e-05
1.128000000000000000e+03 3.931512710624951532e-05
1.127000000000000000e+03 4.213499678645249154e-05
1.126000000000000000e+03 4.472248463608734746e-05
1.125000000000000000e+03 4.688718154555041647e-05
1.124000000000000000e+03 4.852634874970071776e-05
1.123000000000000000e+03 4.960743017430875959e-05
1.122000000000000000e+03 5.021380326652059579e-05
1.121000000000000000e+03 5.048170297109882558e-05
1.120000000000000000e+03 5.060176140681657591e-05
1.119000000000000000e+03 5.078638035922423087e-05
1.118000000000000000e+03 5.126016153607730732e-05
1.117000000000000000e+03 5.216717337022458634e-05
1.116000000000000000e+03 5.362727533540099709e-05
1.115000000000000000e+03 5.566531268617677929e-05
1.114000000000000000e+03 5.821945771419320676e-05
1.113000000000000000e+03 6.117529397722984397e-05
1.112000000000000000e+03 6.434611044891255880e-05
1.111000000000000000e+03 6.753357410658741638e-05
1.110000000000000000e+03 7.052534688873288713e-05
1.109000000000000000e+03 7.316737697193012493e-05
1.108000000000000000e+03 7.533635917071744451e-05
1.107000000000000000e+03 7.698437110019302186e-05
1.106000000000000000e+03 7.811589623792981104e-05
1.105000000000000000e+03 7.882971303982678178e-05
1.104000000000000000e+03 7.923445805513460122e-05
1.103000000000000000e+03 7.946227593477305645e-05
1.102000000000000000e+03 7.960717726363452859e-05
1.101000000000000000e+03 7.975161901965545635e-05
1.100000000000000000e+03 7.986673454064503513e-05
1.099000000000000000e+03 7.992020901129024335e-05
1.098000000000000000e+03 7.989062808297097719e-05
1.097000000000000000e+03 7.969945175275750004e-05
1.096000000000000000e+03 7.932307294535872349e-05
1.095000000000000000e+03 7.874433529809426546e-05
1.094000000000000000e+03 7.800479752525339163e-05
1.093000000000000000e+03 7.713517334754778181e-05
1.092000000000000000e+03 7.620197074413343104e-05
1.091000000000000000e+03 7.532539505625860884e-05
1.090000000000000000e+03 7.457780270843069118e-05
1.089000000000000000e+03 7.402976055573964940e-05
1.088000000000000000e+03 7.373554604653330489e-05
1.087000000000000000e+03 7.377021901393806863e-05
1.086000000000000000e+03 7.418432393041790986e-05
1.085000000000000000e+03 7.503065890973911300e-05
1.084000000000000000e+03 7.631194025553466784e-05
1.083000000000000000e+03 7.801831549799902068e-05
1.082000000000000000e+03 8.014020535617985737e-05
1.081000000000000000e+03 8.264375922795557110e-05
1.080000000000000000e+03 8.545842984906944575e-05
1.079000000000000000e+03 8.848632383635438568e-05
1.078000000000000000e+03 9.171335767620020251e-05
1.077000000000000000e+03 9.508010979289298911e-05
1.076000000000000000e+03 9.866312122627023356e-05
1.075000000000000000e+03 1.024811340609489300e-04
1.074000000000000000e+03 1.066288408891886530e-04
1.073000000000000000e+03 1.111740693821158056e-04
1.072000000000000000e+03 1.162337909977108498e-04
1.071000000000000000e+03 1.217859659959128182e-04
1.070000000000000000e+03 1.276968194264219581e-04
1.069000000000000000e+03 1.338605250362108739e-04
1.068000000000000000e+03 1.400443859421034740e-04
1.067000000000000000e+03 1.460345291231606964e-04
1.066000000000000000e+03 1.516005646570971470e-04
1.065000000000000000e+03 1.564846175773519166e-04
1.064000000000000000e+03 1.605701882160009064e-04
1.063000000000000000e+03 1.636913323459860607e-04
1.062000000000000000e+03 1.656952788261842465e-04
1.061000000000000000e+03 1.665290086737340443e-04
1.060000000000000000e+03 1.662580847824756563e-04
1.059000000000000000e+03 1.649704199411086486e-04
1.058000000000000000e+03 1.629157494764729838e-04
1.057000000000000000e+03 1.603724979791245047e-04
1.056000000000000000e+03 1.577638528757840215e-04
1.055000000000000000e+03 1.552856823658987722e-04
1.054000000000000000e+03 1.530640848590954283e-04
1.053000000000000000e+03 1.509905004306958407e-04
1.052000000000000000e+03 1.489421686394537721e-04
1.051000000000000000e+03 1.465117527898155032e-04
1.050000000000000000e+03 1.434856686582825782e-04
1.049000000000000000e+03 1.396360096887763139e-04
1.048000000000000000e+03 1.348619989938333575e-04
1.047000000000000000e+03 1.292311988098053391e-04
1.046000000000000000e+03 1.230038653284342613e-04
1.045000000000000000e+03 1.163448008789341032e-04
1.044000000000000000e+03 1.094944399784874732e-04
1.043000000000000000e+03 1.026697853262762745e-04
1.042000000000000000e+03 9.612834933647165445e-05
1.041000000000000000e+03 9.003572410508992247e-05
1.040000000000000000e+03 8.462740335998400552e-05
1.039000000000000000e+03 8.005657535404880811e-05
1.038000000000000000e+03 7.646192014104511618e-05
1.037000000000000000e+03 7.387205253905080107e-05
1.036000000000000000e+03 7.221315954253481749e-05
1.035000000000000000e+03 7.136000167577450379e-05
1.034000000000000000e+03 7.105294548512919122e-05
1.033000000000000000e+03 7.105221375946494582e-05
1.032000000000000000e+03 7.109576557021385444e-05
1.031000000000000000e+03 7.096987712236734998e-05
1.030000000000000000e+03 7.055790984252965469e-05
1.029000000000000000e+03 6.979873903849505865e-05
1.028000000000000000e+03 6.867890446376410636e-05
1.027000000000000000e+03 6.726465580040440369e-05
1.026000000000000000e+03 6.556875346267966489e-05
1.025000000000000000e+03 6.370152598043697211e-05
1.024000000000000000e+03 6.172122481324169966e-05
1.023000000000000000e+03 5.974806059263902447e-05
1.022000000000000000e+03 5.791776724032678049e-05
1.021000000000000000e+03 5.632015631841786853e-05
1.020000000000000000e+03 5.498485141682269274e-05
1.019000000000000000e+03 5.388662368315728945e-05
1.018000000000000000e+03 5.291888796131103117e-05
1.017000000000000000e+03 5.195635095925352285e-05
1.016000000000000000e+03 5.085004829455835759e-05
1.015000000000000000e+03 4.948718044894568485e-05
1.014000000000000000e+03 4.786738862693311201e-05
1.013000000000000000e+03 4.603550256477711582e-05
1.012000000000000000e+03 4.410807472488847297e-05
1.011000000000000000e+03 4.218619062127263787e-05
1.010000000000000000e+03 4.037426918993231115e-05
1.009000000000000000e+03 3.870445288475922945e-05
1.008000000000000000e+03 3.721180843778493702e-05
1.007000000000000000e+03 3.585875912544330009e-05
1.006000000000000000e+03 3.463239059971576244e-05
1.005000000000000000e+03 3.350870732718727802e-05
1.004000000000000000e+03 3.247701592478814111e-05
1.003000000000000000e+03 3.152300091007508492e-05
1.002000000000000000e+03 3.061235360456472112e-05
1.001000000000000000e+03 2.967286940202310439e-05
1.000000000000000000e+03 2.864521183781166703e-05
9.990000000000000000e+02 2.746111652852750945e-05
9.980000000000000000e+02 2.614367031926487789e-05
9.970000000000000000e+02 2.471501787056309176e-05
9.960000000000000000e+02 2.325223294205020129e-05
9.950000000000000000e+02 2.181021929746273665e-05
9.940000000000000000e+02 2.045055397037316377e-05
9.930000000000000000e+02 1.922697042569787348e-05
9.920000000000000000e+02 1.818325161146660160e-05
9.910000000000000000e+02 1.737945501449605963e-05
9.900000000000000000e+02 1.685920041063134690e-05
9.890000000000000000e+02 1.664536624726079803e-05
9.880000000000000000e+02 1.674044843552301775e-05
9.870000000000000000e+02 1.709720790599161952e-05
9.860000000000000000e+02 1.763777978153490656e-05
9.850000000000000000e+02 1.825978854970362850e-05
9.840000000000000000e+02 1.887882235820160696e-05
9.830000000000000000e+02 1.942595409608344073e-05
9.820000000000000000e+02 1.989909926035685842e-05
9.810000000000000000e+02 2.031019531672162158e-05
9.800000000000000000e+02 2.068459925150962760e-05
9.790000000000000000e+02 2.104290244730312072e-05
9.780000000000000000e+02 2.140071527951951832e-05
9.770000000000000000e+02 2.178781332963626867e-05
9.760000000000000000e+02 2.226551864995614762e-05
9.750000000000000000e+02 2.292130637836715774e-05
9.740000000000000000e+02 2.384203473917168985e-05
9.730000000000000000e+02 2.508843401962299364e-05
9.720000000000000000e+02 2.666578793477854291e-05
9.710000000000000000e+02 2.853175181651227945e-05
9.700000000000000000e+02 3.064201828317256540e-05
9.690000000000000000e+02 3.296371406229333301e-05
9.680000000000000000e+02 3.554220391609279859e-05
9.670000000000000000e+02 3.847024102513619252e-05
9.660000000000000000e+02 4.188627744876789071e-05
9.650000000000000000e+02 4.595141682597666936e-05
9.640000000000000000e+02 5.089072190033118892e-05
9.630000000000000000e+02 5.707840722033356249e-05
9.620000000000000000e+02 6.503734995340243225e-05
9.610000000000000000e+02 7.522249510044473782e-05
9.600000000000000000e+02 8.787896444521283454e-05
9.590000000000000000e+02 1.026964028239634022e-04
9.580000000000000000e+02 1.187911235320166284e-04
9.570000000000000000e+02 1.348908921762615571e-04
9.560000000000000000e+02 1.495193239618978923e-04
9.550000000000000000e+02 1.606972534548138415e-04
9.540000000000000000e+02 1.658760820262488258e-04
9.530000000000000000e+02 1.635629495558080509e-04
9.520000000000000000e+02 1.551059741373500762e-04
9.510000000000000000e+02 1.430162532145490880e-04
9.500000000000000000e+02 1.247148787839336961e-04
9.490000000000000000e+02 9.134224851837805729e-05
9.480000000000000000e+02 5.027680304091630025e-05
9.470000000000000000e+02 2.220393563491802660e-05
9.460000000000000000e+02 9.079971555592095234e-06
9.450000000000000000e+02 3.681048367222440807e-06
9.440000000000000000e+02 1.507984429989054703e-06
9.430000000000000000e+02 6.314557389482808757e-07
9.420000000000000000e+02 2.695737189784807992e-07
9.410000000000000000e+02 1.159142760931564554e-07
9.400000000000000000e+02 5.146407127529138191e-08
9.390000000000000000e+02 2.456378401785113144e-08
9.380000000000000000e+02 1.287926157724581452e-08
9.370000000000000000e+02 7.465277714729029639e-09
9.360000000000000000e+02 4.770973084883238605e-09
9.350000000000000000e+02 3.329997395663864508e-09
9.340000000000000000e+02 2.502843278876075937e-09
9.330000000000000000e+02 2.002629572072351810e-09
9.320000000000000000e+02 1.703332997086546504e-09
9.310000000000000000e+02 1.569201485410100242e-09
9.300000000000000000e+02 1.622029972144688356e-09
9.290000000000000000e+02 1.910357965239109729e-09
9.280000000000000000e+02 2.462113920709119583e-09
9.270000000000000000e+02 3.247353849949450110e-09
9.260000000000000000e+02 4.212512795441371690e-09
9.250000000000000000e+02 5.373036824431581448e-09
9.240000000000000000e+02 6.927401918651278864e-09
9.230000000000000000e+02 9.389350174284709732e-09
9.220000000000000000e+02 1.359155551239953744e-08
9.210000000000000000e+02 1.870330285000974771e-08
9.200000000000000000e+02 1.747550901397731362e-08
9.190000000000000000e+02 1.015081282719228308e-08
9.180000000000000000e+02 5.181719537941893354e-09
9.170000000000000000e+02 2.888911592816544562e-09
9.160000000000000000e+02 1.820890400231736540e-09
9.150000000000000000e+02 1.286871314742388131e-09
9.140000000000000000e+02 1.008113451668814976e-09
9.130000000000000000e+02 8.652297051611487920e-10
9.120000000000000000e+02 8.160860074846217514e-10
9.110000000000000000e+02 8.292413608304051506e-10
9.100000000000000000e+02 8.976877183595122543e-10
9.090000000000000000e+02 1.013493505404233635e-09
9.080000000000000000e+02 1.166280413907480854e-09
9.070000000000000000e+02 1.337607551444742636e-09
9.060000000000000000e+02 1.510922086094521946e-09
9.050000000000000000e+02 1.697250190730067877e-09
9.040000000000000000e+02 1.935421661397250613e-09
9.030000000000000000e+02 2.267742584730341297e-09
9.020000000000000000e+02 2.740725754517670278e-09
9.010000000000000000e+02 3.345088945051292053e-09
9.000000000000000000e+02 3.969831073131876757e-09
