2.600000000000000000e+03 1.237164390602770865e-07
2.599000000000000000e+03 1.362538637645215121e-07
2.598000000000000000e+03 1.498133710118315832e-07
2.597000000000000000e+03 1.657574837377204056e-07
2.596000000000000000e+03 1.831248044557031672e-07
2.595000000000000000e+03 2.029563589401529265e-07
2.594000000000000000e+03 2.252884127657213158e-07
2.593000000000000000e+03 2.502284732181302052e-07
2.592000000000000000e+03 2.786824739012866008e-07
2.591000000000000000e+03 3.107685169532353009e-07
2.590000000000000000e+03 3.467758732888045095e-07
2.589000000000000000e+03 3.856410014106097386e-07
2.588000000000000000e+03 4.283025640309906331e-07
2.587000000000000000e+03 4.743763118423112700e-07
2.586000000000000000e+03 5.223773679808558158e-07
2.585000000000000000e+03 5.709684727986709653e-07
2.584000000000000000e+03 6.224415445906998096e-07
2.583000000000000000e+03 6.642523579204903005e-07
2.582000000000000000e+03 7.058403365500288653e-07
2.581000000000000000e+03 7.396181339433935381e-07
2.580000000000000000e+03 7.658837177287790581e-07
2.579000000000000000e+03 7.815823620116617708e-07
2.578000000000000000e+03 7.856840712332581324e-07
2.577000000000000000e+03 7.833017561747510465e-07
2.576000000000000000e+03 7.718930149959996125e-07
2.575000000000000000e+03 7.520184068330909121e-07
2.574000000000000000e+03 7.277503140133719132e-07
2.573000000000000000e+03 6.976078929774823086e-07
2.572000000000000000e+03 6.676456405488237082e-07
2.571000000000000000e+03 6.348171501046241340e-07
2.570000000000000000e+03 6.016072177211679952e-07
2.569000000000000000e+03 5.683219707118998475e-07
2.568000000000000000e+03 5.354707048631691657e-07
2.567000000000000000e+03 5.050828447734638613e-07
2.566000000000000000e+03 4.742271904423792651e-07
2.565000000000000000e+03 4.428288617904486050e-07
2.564000000000000000e+03 4.155361995923856239e-07
2.563000000000000000e+03 3.878779810658922130e-07
2.562000000000000000e+03 3.636949657443197806e-07
2.561000000000000000e+03 3.404101929277470052e-07
2.560000000000000000e+03 3.180323464226130432e-07
2.559000000000000000e+03 2.967992676235355737e-07
2.558000000000000000e+03 2.784343803408056046e-07
2.557000000000000000e+03 2.605239132732686704e-07
2.556000000000000000e+03 2.449314658132186813e-07
2.555000000000000000e+03 2.297398381386085103e-07
2.554000000000000000e+03 2.169874173464248419e-07
2.553000000000000000e+03 2.044910815773800123e-07
2.552000000000000000e+03 1.948280207947629633e-07
2.551000000000000000e+03 1.852271085969694085e-07
2.550000000000000000e+03 1.767966944313505952e-07
2.549000000000000000e+03 1.695676031003567441e-07
2.548000000000000000e+03 1.631189042514927001e-07
2.547000000000000000e+03 1.575760330310556374e-07
2.546000000000000000e+03 1.526303769898341507e-07
2.545000000000000000e+03 1.487615832861815575e-07
2.544000000000000000e+03 1.455111886138553703e-07
2.543000000000000000e+03 1.427666421075854883e-07
2.542000000000000000e+03 1.407354330959550736e-07
2.541000000000000000e+03 1.395226037425921575e-07
2.540000000000000000e+03 1.387600448131999174e-07
2.539000000000000000e+03 1.388950960319718192e-07
2.538000000000000000e+03 1.397144780044965436e-07
2.537000000000000000e+03 1.410920031772100009e-07
2.536000000000000000e+03 1.433161118016462650e-07
2.535000000000000000e+03 1.463480601508397204e-07
2.534000000000000000e+03 1.500833015841260846e-07
2.533000000000000000e+03 1.547177567647517807e-07
2.532000000000000000e+03 1.603657866609042725e-07
2.531000000000000000e+03 1.670663404532778343e-07
2.530000000000000000e+03 1.749125888750612016e-07
2.529000000000000000e+03 1.832889023535129422e-07
2.528000000000000000e+03 1.929258434409316061e-07
2.527000000000000000e+03 2.043168630280380827e-07
2.526000000000000000e+03 2.170046999901953557e-07
2.525000000000000000e+03 2.294775239679318412e-07
2.524000000000000000e+03 2.436640211146019968e-07
2.523000000000000000e+03 2.578044072837076415e-07
2.522000000000000000e+03 2.719621012174306637e-07
2.521000000000000000e+03 2.859774203451020630e-07
2.520000000000000000e+03 2.940927017986408556e-07
2.519000000000000000e+03 2.946819229941682078e-07
2.518000000000000000e+03 3.042864209283352101e-07
2.517000000000000000e+03 3.001857644502493923e-07
2.516000000000000000e+03 2.885141033489137705e-07
2.515000000000000000e+03 2.749814715906258902e-07
2.514000000000000000e+03 2.523468198868021052e-07
2.513000000000000000e+03 2.354094193239342760e-07
2.512000000000000000e+03 2.129091446142072644e-07
2.511000000000000000e+03 1.922387674717604331e-07
2.510000000000000000e+03 1.720233628453758274e-07
2.509000000000000000e+03 1.538643808295820660e-07
2.508000000000000000e+03 1.375695408095512159e-07
2.507000000000000000e+03 1.215234931147714132e-07
2.506000000000000000e+03 1.088744567960497157e-07
2.505000000000000000e+03 9.968432660024320037e-08
2.504000000000000000e+03 9.045843761105116835e-08
2.503000000000000000e+03 8.230542084814198770e-08
2.502000000000000000e+03 7.523618717846429944e-08
2.501000000000000000e+03 6.911500072244556483e-08
2.500000000000000000e+03 6.395182925049758406e-08
2.499000000000000000e+03 5.928289653453316661e-08
2.498000000000000000e+03 5.516929804960038154e-08
2.497000000000000000e+03 5.163811934483516339e-08
2.496000000000000000e+03 4.852030566706900034e-08
2.495000000000000000e+03 4.586054837315847003e-08
2.494000000000000000e+03 4.356788448740517727e-08
2.493000000000000000e+03 4.158476910497245628e-08
2.492000000000000000e+03 3.990316684321637893e-08
2.491000000000000000e+03 3.848945700526908575e-08
2.490000000000000000e+03 3.730343948987904755e-08
2.489000000000000000e+03 3.643278900456999584e-08
2.488000000000000000e+03 3.577249821267113739e-08
2.487000000000000000e+03 3.531116724773688899e-08
2.486000000000000000e+03 3.502940093355155004e-08
2.485000000000000000e+03 3.490206385312359790e-08
2.484000000000000000e+03 3.496090978922487292e-08
2.483000000000000000e+03 3.521525844694212025e-08
2.482000000000000000e+03 3.560311421815980861e-08
2.481000000000000000e+03 3.625567888577462668e-08
2.480000000000000000e+03 3.707224343376533810e-08
2.479000000000000000e+03 3.825410757475396547e-08
2.478000000000000000e+03 3.961559748409696758e-08
2.477000000000000000e+03 4.130994304902163711e-08
2.476000000000000000e+03 4.333204909641599310e-08
2.475000000000000000e+03 4.588404608019305991e-08
2.474000000000000000e+03 4.897070728066234029e-08
2.473000000000000000e+03 5.256001149719192449e-08
2.472000000000000000e+03 5.680834671287446856e-08
2.471000000000000000e+03 6.209039367234245212e-08
2.470000000000000000e+03 6.842432995484316193e-08
2.469000000000000000e+03 7.630150115671854578e-08
2.468000000000000000e+03 8.567293741635053390e-08
2.467000000000000000e+03 9.724818080720711524e-08
2.466000000000000000e+03 1.114173554460225642e-07
2.465000000000000000e+03 1.286681991026579630e-07
2.464000000000000000e+03 1.489114332310315565e-07
2.463000000000000000e+03 1.721433394869243216e-07
2.462000000000000000e+03 1.962237726798832944e-07
2.461000000000000000e+03 2.216942162960157962e-07
2.460000000000000000e+03 2.384840154503464091e-07
2.459000000000000000e+03 2.483431323850062710e-07
2.458000000000000000e+03 2.429126983214630216e-07
2.457000000000000000e+03 2.274006509863340933e-07
2.456000000000000000e+03 2.033766255011801816e-07
2.455000000000000000e+03 1.776438468908907479e-07
2.454000000000000000e+03 1.509819956604478977e-07
2.453000000000000000e+03 1.274966095565195238e-07
2.452000000000000000e+03 1.075967765177688756e-07
2.451000000000000000e+03 9.124193788462536842e-08
2.450000000000000000e+03 7.796888402868395448e-08
2.449000000000000000e+03 6.712063378285132998e-08
2.448000000000000000e+03 5.848813675248720019e-08
2.447000000000000000e+03 5.153192999827905272e-08
2.446000000000000000e+03 4.576240559038762528e-08
2.445000000000000000e+03 4.103448789048982217e-08
2.444000000000000000e+03 3.716313902721012076e-08
2.443000000000000000e+03 3.395608012244785922e-08
2.442000000000000000e+03 3.125115105960865148e-08
2.441000000000000000e+03 2.907106420874189949e-08
2.440000000000000000e+03 2.723848688900315006e-08
2.439000000000000000e+03 2.556189939972426287e-08
2.438000000000000000e+03 2.439695556062411745e-08
2.437000000000000000e+03 2.323210983223335352e-08
2.436000000000000000e+03 2.242264349559279380e-08
2.435000000000000000e+03 2.159995582354688131e-08
2.434000000000000000e+03 2.111963378756513506e-08
2.433000000000000000e+03 2.063887202277643069e-08
2.432000000000000000e+03 2.034082149070208722e-08
2.431000000000000000e+03 2.021412940882654962e-08
2.430000000000000000e+03 2.025473396176609376e-08
2.429000000000000000e+03 2.029434409236630262e-08
2.428000000000000000e+03 2.052031468195129673e-08
2.427000000000000000e+03 2.073994239118830030e-08
2.426000000000000000e+03 2.112756541941737610e-08
2.425000000000000000e+03 2.169454655999064468e-08
2.424000000000000000e+03 2.244979190838929293e-08
2.423000000000000000e+03 2.338249314301903046e-08
2.422000000000000000e+03 2.448150160782103610e-08
2.421000000000000000e+03 2.557411540289513707e-08
2.420000000000000000e+03 2.703765240177881090e-08
2.419000000000000000e+03 2.867777827721964866e-08
2.418000000000000000e+03 3.047852614862324537e-08
2.417000000000000000e+03 3.244916971008270078e-08
2.416000000000000000e+03 3.478832926750831342e-08
2.415000000000000000e+03 3.711943249400136258e-08
2.414000000000000000e+03 3.970677344895425929e-08
2.413000000000000000e+03 4.218333317061036708e-08
2.412000000000000000e+03 4.451017841725673804e-08
2.411000000000000000e+03 4.646181418872593165e-08
2.410000000000000000e+03 4.780814890923492543e-08
2.409000000000000000e+03 4.837472984121962550e-08
2.408000000000000000e+03 4.805275156021016453e-08
2.407000000000000000e+03 4.682827727325329180e-08
2.406000000000000000e+03 4.477398428940250716e-08
2.405000000000000000e+03 4.215083093446453853e-08
2.404000000000000000e+03 3.905183995526264448e-08
2.403000000000000000e+03 3.579781832331128703e-08
2.402000000000000000e+03 3.254365082886322138e-08
2.401000000000000000e+03 2.965365811634194950e-08
2.400000000000000000e+03 2.679006634815204623e-08
2.399000000000000000e+03 2.429808327262380781e-08
2.398000000000000000e+03 2.215949268711937179e-08
2.397000000000000000e+03 2.020169818126443614e-08
2.396000000000000000e+03 1.861390190611116796e-08
2.395000000000000000e+03 1.715940985918554038e-08
2.394000000000000000e+03 1.594993600315779838e-08
2.393000000000000000e+03 1.493591183758722654e-08
2.392000000000000000e+03 1.410911933903371421e-08
2.391000000000000000e+03 1.341268678736899852e-08
2.390000000000000000e+03 1.287330642824174499e-08
2.389000000000000000e+03 1.244070342004959423e-08
2.388000000000000000e+03 1.212357943031594760e-08
2.387000000000000000e+03 1.193765679363396561e-08
2.386000000000000000e+03 1.183974198376060256e-08
2.385000000000000000e+03 1.186968524130153527e-08
2.384000000000000000e+03 1.201837048953485943e-08
2.383000000000000000e+03 1.232133050011799343e-08
2.382000000000000000e+03 1.275412370678995274e-08
2.381000000000000000e+03 1.337701851412810810e-08
2.380000000000000000e+03 1.423901002382692186e-08
2.379000000000000000e+03 1.537878159565693597e-08
2.378000000000000000e+03 1.692303081113159644e-08
2.377000000000000000e+03 1.897670379971728621e-08
2.376000000000000000e+03 2.182827804164195411e-08
2.375000000000000000e+03 2.581389590837574994e-08
2.374000000000000000e+03 3.176746889463294258e-08
2.373000000000000000e+03 4.089219095244333964e-08
2.372000000000000000e+03 5.600231406393870716e-08
2.371000000000000000e+03 8.347893060171400788e-08
2.370000000000000000e+03 1.384711167740667964e-07
2.369000000000000000e+03 2.423925686031070328e-07
2.368000000000000000e+03 3.393029571917084446e-07
2.367000000000000000e+03 3.227034095248944350e-07
2.366000000000000000e+03 2.252452983373518340e-07
2.365000000000000000e+03 1.288916938382721766e-07
2.364000000000000000e+03 6.757525432024637833e-08
2.363000000000000000e+03 3.854290325206674338e-08
2.362000000000000000e+03 2.413421566916301499e-08
2.361000000000000000e+03 1.622728101554199304e-08
2.360000000000000000e+03 1.150421354456584463e-08
2.359000000000000000e+03 8.481981888685463233e-09
2.358000000000000000e+03 6.446307067342491431e-09
2.357000000000000000e+03 5.026633429428707109e-09
2.356000000000000000e+03 3.985540881810726136e-09
2.355000000000000000e+03 3.228242513913214693e-09
2.354000000000000000e+03 2.653228450859685781e-09
2.353000000000000000e+03 2.201788195301763787e-09
2.352000000000000000e+03 1.851352652114501367e-09
2.351000000000000000e+03 1.571921592172859060e-09
2.350000000000000000e+03 1.345360060611769188e-09
2.349000000000000000e+03 1.160461160219471841e-09
2.348000000000000000e+03 1.008801524649780560e-09
2.347000000000000000e+03 8.814820078141488647e-10
2.346000000000000000e+03 7.765486947644914941e-10
2.345000000000000000e+03 6.884998133721135729e-10
2.344000000000000000e+03 6.130359408050025488e-10
2.343000000000000000e+03 5.476632867709737375e-10
2.342000000000000000e+03 4.925122327492656626e-10
2.341000000000000000e+03 4.458427326602850676e-10
2.340000000000000000e+03 4.035236769695913310e-10
2.339000000000000000e+03 3.671597600689819184e-10
2.338000000000000000e+03 3.368783811837060543e-10
2.337000000000000000e+03 3.090188668427791072e-10
2.336000000000000000e+03 2.851963045123826003e-10
2.335000000000000000e+03 2.652421969346787893e-10
2.334000000000000000e+03 2.456162677596435622e-10
2.333000000000000000e+03 2.300214338032247554e-10
2.332000000000000000e+03 2.145924253406555717e-10
2.331000000000000000e+03 2.029137374541493555e-10
2.330000000000000000e+03 1.914780312540097710e-10
2.329000000000000000e+03 1.820794473419626468e-10
2.328000000000000000e+03 1.722131706158130895e-10
2.327000000000000000e+03 1.644085197368453897e-10
2.326000000000000000e+03 1.575081613545549419e-10
2.325000000000000000e+03 1.512808887404946843e-10
2.324000000000000000e+03 1.459696377733419128e-10
2.323000000000000000e+03 1.412606081992881279e-10
2.322000000000000000e+03 1.370513230928585482e-10
2.321000000000000000e+03 1.336277897514776034e-10
2.320000000000000000e+03 1.305517026305981329e-10
2.319000000000000000e+03 1.280777213730570166e-10
2.318000000000000000e+03 1.258869571537383270e-10
2.317000000000000000e+03 1.242543625715279154e-10
2.316000000000000000e+03 1.229632060765065912e-10
2.315000000000000000e+03 1.220975453560952518e-10
2.314000000000000000e+03 1.216694796895135843e-10
2.313000000000000000e+03 1.215836332804045393e-10
2.312000000000000000e+03 1.216576924063694932e-10
2.311000000000000000e+03 1.223550774699135766e-10
2.310000000000000000e+03 1.232693234061001420e-10
2.309000000000000000e+03 1.245017089108590437e-10
2.308000000000000000e+03 1.260964103571575293e-10
2.307000000000000000e+03 1.281267748389555932e-10
2.306000000000000000e+03 1.305234084015305121e-10
2.305000000000000000e+03 1.332194779054576526e-10
2.304000000000000000e+03 1.364904271972409904e-10
2.303000000000000000e+03 1.403742739494892766e-10
2.302000000000000000e+03 1.445692459695023313e-10
2.301000000000000000e+03 1.494410670924758248e-10
2.300000000000000000e+03 1.548917572985705519e-10
2.299000000000000000e+03 1.611020580530486472e-10
2.298000000000000000e+03 1.679384131525977612e-10
2.297000000000000000e+03 1.758217774606447904e-10
2.296000000000000000e+03 1.846468055243016466e-10
2.295000000000000000e+03 1.947098724823126228e-10
2.294000000000000000e+03 2.056731890388197912e-10
2.293000000000000000e+03 2.187981329411996187e-10
2.292000000000000000e+03 2.337253281197569551e-10
2.291000000000000000e+03 2.502439129703167112e-10
2.290000000000000000e+03 2.701803304253210854e-10
2.289000000000000000e+03 2.936237602779659949e-10
2.288000000000000000e+03 3.223789069460939820e-10
2.287000000000000000e+03 3.541372026806299071e-10
2.286000000000000000e+03 3.926055155942572321e-10
2.285000000000000000e+03 4.396673374982796419e-10
2.284000000000000000e+03 4.985478596678462249e-10
2.283000000000000000e+03 5.703697296804872225e-10
2.282000000000000000e+03 6.621906160152147046e-10
2.281000000000000000e+03 7.824781146835838214e-10
2.280000000000000000e+03 9.420821438430674127e-10
2.279000000000000000e+03 1.163868990294266073e-09
2.278000000000000000e+03 1.479233257195625610e-09
2.277000000000000000e+03 1.951485406495248022e-09
2.276000000000000000e+03 2.739421588711222710e-09
2.275000000000000000e+03 4.126289434666053840e-09
2.274000000000000000e+03 7.019140108309447652e-09
2.273000000000000000e+03 1.492674203227151762e-08
2.272000000000000000e+03 4.796332881232454412e-08
2.271000000000000000e+03 1.008552454435729044e-07
2.270000000000000000e+03 9.865601808091858532e-08
2.269000000000000000e+03 5.179561627835848472e-08
2.268000000000000000e+03 1.665817382145650111e-08
2.267000000000000000e+03 7.454494363817863238e-09
2.266000000000000000e+03 4.291323581263491345e-09
2.265000000000000000e+03 2.816694046296682380e-09
2.264000000000000000e+03 2.014007769821165981e-09
2.263000000000000000e+03 1.523399899934007842e-09
2.262000000000000000e+03 1.202856710457560898e-09
2.261000000000000000e+03 9.796073916732021730e-10
2.260000000000000000e+03 8.216177948757249040e-10
2.259000000000000000e+03 7.021581544852548459e-10
2.258000000000000000e+03 6.130583187825383201e-10
2.257000000000000000e+03 5.424044394696478122e-10
2.256000000000000000e+03 4.888222573434997540e-10
2.255000000000000000e+03 4.441920592967970818e-10
2.254000000000000000e+03 4.085678876331310647e-10
2.253000000000000000e+03 3.807601197982377791e-10
2.252000000000000000e+03 3.575289693947991648e-10
2.251000000000000000e+03 3.370594416496399983e-10
2.250000000000000000e+03 3.212246043552289386e-10
2.249000000000000000e+03 3.085928125281246407e-10
2.248000000000000000e+03 2.989999535159623535e-10
2.247000000000000000e+03 2.890334402242639196e-10
2.246000000000000000e+03 2.841236282148499253e-10
2.245000000000000000e+03 2.790544052717282740e-10
2.244000000000000000e+03 2.754013102094363347e-10
2.243000000000000000e+03 2.715210946385097440e-10
2.242000000000000000e+03 2.711918541095051875e-10
2.241000000000000000e+03 2.706055964357479680e-10
2.240000000000000000e+03 2.715860304828217419e-10
2.239000000000000000e+03 2.724633280104448779e-10
2.238000000000000000e+03 2.770098729329231287e-10
2.237000000000000000e+03 2.793070581036749252e-10
2.236000000000000000e+03 2.833316501094430793e-10
2.235000000000000000e+03 2.892172202536065272e-10
2.234000000000000000e+03 2.967776960316113756e-10
2.233000000000000000e+03 3.040025815354980595e-10
2.232000000000000000e+03 3.130702187280969324e-10
2.231000000000000000e+03 3.218910777191820837e-10
2.230000000000000000e+03 3.322437575840953902e-10
2.229000000000000000e+03 3.462797828286198637e-10
2.228000000000000000e+03 3.600734100335978738e-10
2.227000000000000000e+03 3.753299226021129150e-10
2.226000000000000000e+03 3.919995346860182531e-10
2.225000000000000000e+03 4.102924600374556016e-10
2.224000000000000000e+03 4.319696748942465697e-10
2.223000000000000000e+03 4.567142762666407709e-10
2.222000000000000000e+03 4.827344286609551984e-10
2.221000000000000000e+03 5.139194600136655336e-10
2.220000000000000000e+03 5.478245166139791241e-10
2.219000000000000000e+03 5.881901098681075883e-10
2.218000000000000000e+03 6.314082378801982149e-10
2.217000000000000000e+03 6.826452761417528070e-10
2.216000000000000000e+03 7.413804602406758091e-10
2.215000000000000000e+03 8.078432400789614545e-10
2.214000000000000000e+03 8.872184619667737231e-10
2.213000000000000000e+03 9.767717474191853926e-10
2.212000000000000000e+03 1.083624770560368520e-09
2.211000000000000000e+03 1.211350532699224800e-09
2.210000000000000000e+03 1.360534403834393053e-09
2.209000000000000000e+03 1.539189205853305263e-09
2.208000000000000000e+03 1.756366361902321149e-09
2.207000000000000000e+03 2.026353735313825220e-09
2.206000000000000000e+03 2.342636452951046445e-09
2.205000000000000000e+03 2.739512187378802591e-09
2.204000000000000000e+03 3.234084849027974642e-09
2.203000000000000000e+03 3.857319639798211484e-09
2.202000000000000000e+03 4.626920870324675764e-09
2.201000000000000000e+03 5.612643154440695894e-09
2.200000000000000000e+03 6.863984013761789110e-09
2.199000000000000000e+03 8.465145299655257616e-09
2.198000000000000000e+03 1.046172654700059446e-08
2.197000000000000000e+03 1.292949467035304783e-08
2.196000000000000000e+03 1.587483776013499598e-08
2.195000000000000000e+03 1.922174438662481665e-08
2.194000000000000000e+03 2.287646404142549113e-08
2.193000000000000000e+03 2.643557970122489829e-08
2.192000000000000000e+03 2.956438052043696256e-08
2.191000000000000000e+03 3.192752676725819401e-08
2.190000000000000000e+03 3.348445584784992381e-08
2.189000000000000000e+03 3.419728386762235214e-08
2.188000000000000000e+03 3.423382263970101696e-08
2.187000000000000000e+03 3.409671580123157557e-08
2.186000000000000000e+03 3.357384374504390011e-08
2.185000000000000000e+03 3.340133384837428949e-08
2.184000000000000000e+03 3.322208561485057086e-08
2.183000000000000000e+03 3.357133607288606466e-08
2.182000000000000000e+03 3.409209724204047164e-08
2.181000000000000000e+03 3.518503012649377288e-08
2.180000000000000000e+03 3.664766866668969840e-08
2.179000000000000000e+03 3.867204856884632944e-08
2.178000000000000000e+03 4.148405721114988624e-08
2.177000000000000000e+03 4.507815782259037770e-08
2.176000000000000000e+03 4.982755595916555274e-08
2.175000000000000000e+03 5.575896883638146122e-08
2.174000000000000000e+03 6.326633992216693133e-08
2.173000000000000000e+03 7.308876208726080196e-08
2.172000000000000000e+03 8.521811973232623415e-08
2.171000000000000000e+03 1.000407777213460434e-07
2.170000000000000000e+03 1.172321582875767957e-07
2.169000000000000000e+03 1.351259690799933500e-07
2.168000000000000000e+03 1.503819890477403545e-07
2.167000000000000000e+03 1.584304172820708657e-07
2.166000000000000000e+03 1.558459442158884622e-07
2.165000000000000000e+03 1.431744269377965168e-07
2.164000000000000000e+03 1.241087871536361443e-07
2.163000000000000000e+03 1.033626748548118257e-07
2.162000000000000000e+03 8.429685518353518552e-08
2.161000000000000000e+03 6.838143043517435361e-08
2.160000000000000000e+03 5.568657435247930524e-08
2.159000000000000000e+03 4.579550601072694762e-08
2.158000000000000000e+03 3.810498291851406128e-08
2.157000000000000000e+03 3.216664059556420826e-08
2.156000000000000000e+03 2.741266971520089723e-08
2.155000000000000000e+03 2.364632604277030015e-08
2.154000000000000000e+03 2.064995101333586263e-08
2.153000000000000000e+03 1.839328480291148662e-08
2.152000000000000000e+03 1.637396321133654976e-08
2.151000000000000000e+03 1.476870224340282928e-08
2.150000000000000000e+03 1.344639912781893758e-08
2.149000000000000000e+03 1.234296003627370677e-08
2.148000000000000000e+03 1.143331905895124947e-08
2.147000000000000000e+03 1.065868716052229662e-08
2.146000000000000000e+03 1.000502524376842314e-08
2.145000000000000000e+03 9.454165810086444908e-09
2.144000000000000000e+03 8.966333683421989789e-09
2.143000000000000000e+03 8.557712973659473094e-09
2.142000000000000000e+03 8.213477734906602204e-09
2.141000000000000000e+03 7.910987634552078500e-09
2.140000000000000000e+03 7.634338691726613468e-09
2.139000000000000000e+03 7.385116224279481709e-09
2.138000000000000000e+03 7.173047916843957717e-09
2.137000000000000000e+03 6.964614690053458624e-09
2.136000000000000000e+03 6.777976994481576701e-09
2.135000000000000000e+03 6.592094255552886449e-09
2.134000000000000000e+03 6.420073193821141073e-09
2.133000000000000000e+03 6.247859617012622674e-09
2.132000000000000000e+03 6.071820449149183907e-09
2.131000000000000000e+03 5.905377311829409126e-09
2.130000000000000000e+03 5.733803139271161772e-09
2.129000000000000000e+03 5.573105956961115647e-09
2.128000000000000000e+03 5.401914691731191847e-09
2.127000000000000000e+03 5.240847377354048637e-09
2.126000000000000000e+03 5.090253167190336843e-09
2.125000000000000000e+03 4.928375812302846054e-09
2.124000000000000000e+03 4.776433014760996612e-09
2.123000000000000000e+03 4.635855068712835742e-09
2.122000000000000000e+03 4.504357742484773020e-09
2.121000000000000000e+03 4.364252737358701363e-09
2.120000000000000000e+03 4.257131187243555737e-09
2.119000000000000000e+03 4.124568889268476801e-09
2.118000000000000000e+03 4.023949726632590929e-09
2.117000000000000000e+03 3.936858320655833408e-09
2.116000000000000000e+03 3.840920343892211387e-09
2.115000000000000000e+03 3.779894800903713165e-09
2.114000000000000000e+03 3.712513390126257167e-09
2.113000000000000000e+03 3.638245085089593430e-09
2.112000000000000000e+03 3.600138009413552484e-09
2.111000000000000000e+03 3.555969003054364584e-09
2.110000000000000000e+03 3.526836081167120520e-09
2.109000000000000000e+03 3.515098255807358648e-09
2.108000000000000000e+03 3.498993038013941447e-09
2.107000000000000000e+03 3.499033488766866542e-09
2.106000000000000000e+03 3.496980362747894828e-09
2.105000000000000000e+03 3.529428672581389105e-09
2.104000000000000000e+03 3.558938530934077145e-09
2.103000000000000000e+03 3.605690608591586675e-09
2.102000000000000000e+03 3.668277826217619997e-09
2.101000000000000000e+03 3.764708728905450882e-09
2.100000000000000000e+03 3.860883055593844203e-09
2.099000000000000000e+03 3.991371965214823775e-09
2.098000000000000000e+03 4.138594444545724531e-09
2.097000000000000000e+03 4.305139427500617974e-09
2.096000000000000000e+03 4.507831082308996911e-09
2.095000000000000000e+03 4.746702634431607815e-09
2.094000000000000000e+03 5.008314084783242641e-09
2.093000000000000000e+03 5.310181882334176777e-09
2.092000000000000000e+03 5.636039290831512816e-09
2.091000000000000000e+03 5.990536867457008352e-09
2.090000000000000000e+03 6.391828886972344071e-09
2.089000000000000000e+03 6.790041361357566044e-09
2.088000000000000000e+03 7.206467923088302879e-09
2.087000000000000000e+03 7.608249940860470296e-09
2.086000000000000000e+03 7.992958025042827550e-09
2.085000000000000000e+03 8.345727385171821254e-09
2.084000000000000000e+03 8.611998755178377336e-09
2.083000000000000000e+03 8.819354341174526210e-09
2.082000000000000000e+03 8.930388928297676156e-09
2.081000000000000000e+03 8.957625101634796234e-09
2.080000000000000000e+03 8.890947856759232682e-09
2.079000000000000000e+03 8.745822883598895243e-09
2.078000000000000000e+03 8.556099356217385671e-09
2.077000000000000000e+03 8.314202681409867769e-09
2.076000000000000000e+03 8.039272043660214737e-09
2.075000000000000000e+03 7.750447401423586363e-09
2.074000000000000000e+03 7.463710728619379114e-09
2.073000000000000000e+03 7.181536890032001962e-09
2.072000000000000000e+03 6.905599024845733211e-09
2.071000000000000000e+03 6.654599111804019002e-09
2.070000000000000000e+03 6.410424102869757904e-09
2.069000000000000000e+03 6.175300230356674445e-09
2.068000000000000000e+03 5.990407261799765506e-09
2.067000000000000000e+03 5.815558771102687412e-09
2.066000000000000000e+03 5.652722532051990045e-09
2.065000000000000000e+03 5.500142702895085434e-09
2.064000000000000000e+03 5.381432045765999860e-09
2.063000000000000000e+03 5.298191832179914529e-09
2.062000000000000000e+03 5.205289925497983718e-09
2.061000000000000000e+03 5.147061657320310521e-09
2.060000000000000000e+03 5.103315149990954591e-09
2.059000000000000000e+03 5.071760567487171840e-09
2.058000000000000000e+03 5.074170407789526108e-09
2.057000000000000000e+03 5.090516353966215635e-09
2.056000000000000000e+03 5.118352108749213063e-09
2.055000000000000000e+03 5.178643371916391917e-09
2.054000000000000000e+03 5.271505088020870682e-09
2.053000000000000000e+03 5.393749733080070857e-09
2.052000000000000000e+03 5.527162874771731915e-09
2.051000000000000000e+03 5.728851721944718921e-09
2.050000000000000000e+03 5.939715578006251942e-09
2.049000000000000000e+03 6.233840864279734218e-09
2.048000000000000000e+03 6.575536699988915784e-09
2.047000000000000000e+03 6.979872398032646194e-09
2.046000000000000000e+03 7.475648778226644989e-09
2.045000000000000000e+03 8.084623693819152696e-09
2.044000000000000000e+03 8.822749360519579442e-09
2.043000000000000000e+03 9.725803053832595576e-09
2.042000000000000000e+03 1.084043709273368666e-08
2.041000000000000000e+03 1.221644805068453966e-08
2.040000000000000000e+03 1.393513626702440433e-08
2.039000000000000000e+03 1.609424959978166919e-08
2.038000000000000000e+03 1.882913772086167565e-08
2.037000000000000000e+03 2.234175101614904629e-08
2.036000000000000000e+03 2.689334861503231352e-08
2.035000000000000000e+03 3.284459021664677725e-08
2.034000000000000000e+03 4.075198010537304944e-08
2.033000000000000000e+03 5.137180415600486270e-08
2.032000000000000000e+03 6.578488240708364921e-08
2.031000000000000000e+03 8.552763114313065611e-08
2.030000000000000000e+03 1.126541907749734309e-07
2.029000000000000000e+03 1.496265211236598520e-07
2.028000000000000000e+03 1.986783365372499981e-07
2.027000000000000000e+03 2.599751243071338523e-07
2.026000000000000000e+03 3.285229110151956167e-07
2.025000000000000000e+03 3.929467473348265523e-07
2.024000000000000000e+03 4.385262909675800676e-07
2.023000000000000000e+03 4.558715528004761885e-07
2.022000000000000000e+03 4.472716049838962159e-07
2.021000000000000000e+03 4.221307513411289735e-07
2.020000000000000000e+03 3.912366711040423231e-07
2.019000000000000000e+03 3.617006464664542450e-07
2.018000000000000000e+03 3.368646057925654885e-07
2.017000000000000000e+03 3.177003780902123845e-07
2.016000000000000000e+03 3.043852216135570668e-07
2.015000000000000000e+03 2.963313742696086963e-07
2.014000000000000000e+03 2.932372786959202278e-07
2.013000000000000000e+03 2.948608819465846245e-07
2.012000000000000000e+03 3.006237962383782129e-07
2.011000000000000000e+03 3.104896000437065836e-07
2.010000000000000000e+03 3.238403308392890538e-07
2.009000000000000000e+03 3.397783547861986180e-07
2.008000000000000000e+03 3.565423424731201132e-07
2.007000000000000000e+03 3.715324170009220203e-07
2.006000000000000000e+03 3.807729936573592868e-07
2.005000000000000000e+03 3.804790079868496326e-07
2.004000000000000000e+03 3.676096536045632077e-07
2.003000000000000000e+03 3.421701214424596921e-07
2.002000000000000000e+03 3.072636190458749987e-07
2.001000000000000000e+03 2.677758724478361534e-07
2.000000000000000000e+03 2.284067180556217134e-07
1.999000000000000000e+03 1.926108834387264085e-07
1.998000000000000000e+03 1.618199212542403608e-07
1.997000000000000000e+03 1.362971355994004360e-07
1.996000000000000000e+03 1.156875919224655676e-07
1.995000000000000000e+03 9.915617694568690885e-08
1.994000000000000000e+03 8.601785652704587314e-08
1.993000000000000000e+03 7.555616090651200095e-08
1.992000000000000000e+03 6.720636420601860587e-08
1.991000000000000000e+03 6.056728305872431433e-08
1.990000000000000000e+03 5.526767030986270747e-08
1.989000000000000000e+03 5.098176161154092610e-08
1.988000000000000000e+03 4.770093977309619090e-08
1.987000000000000000e+03 4.494772888249433813e-08
1.986000000000000000e+03 4.291977183006321752e-08
1.985000000000000000e+03 4.124640525625114139e-08
1.984000000000000000e+03 4.011211049878941714e-08
1.983000000000000000e+03 3.933715196080890945e-08
1.982000000000000000e+03 3.872318138367562070e-08
1.981000000000000000e+03 3.867614062493239183e-08
1.980000000000000000e+03 3.880064457255222857e-08
1.979000000000000000e+03 3.909017901355126533e-08
1.978000000000000000e+03 3.975336463453504115e-08
1.977000000000000000e+03 4.058854681523967267e-08
1.976000000000000000e+03 4.157767149620761146e-08
1.975000000000000000e+03 4.316359127819734448e-08
1.974000000000000000e+03 4.490518408476003586e-08
1.973000000000000000e+03 4.699612616998343863e-08
1.972000000000000000e+03 4.943106355211256366e-08
1.971000000000000000e+03 5.241947892147074653e-08
1.970000000000000000e+03 5.591283083861302074e-08
1.969000000000000000e+03 6.011709945436546324e-08
1.968000000000000000e+03 6.519662866866093620e-08
1.967000000000000000e+03 7.107308261814653649e-08
1.966000000000000000e+03 7.813136322840281129e-08
1.965000000000000000e+03 8.667157948081023707e-08
1.964000000000000000e+03 9.698561940869634846e-08
1.963000000000000000e+03 1.095592293239722935e-07
1.962000000000000000e+03 1.249585418435696711e-07
1.961000000000000000e+03 1.437672775009520587e-07
1.960000000000000000e+03 1.666898419369179376e-07
1.959000000000000000e+03 1.934187418626835021e-07
1.958000000000000000e+03 2.268780859619274797e-07
1.957000000000000000e+03 2.624816704953792003e-07
1.956000000000000000e+03 2.985572421716959034e-07
1.955000000000000000e+03 3.320973620554234589e-07
1.954000000000000000e+03 3.534911689606207795e-07
1.953000000000000000e+03 3.604264702226129758e-07
1.952000000000000000e+03 3.520978033573326617e-07
1.951000000000000000e+03 3.304863855320167412e-07
1.950000000000000000e+03 3.022700850247748238e-07
1.949000000000000000e+03 2.735718044927500482e-07
1.948000000000000000e+03 2.472566119430587367e-07
1.947000000000000000e+03 2.231151130463260411e-07
1.946000000000000000e+03 2.041088278712516567e-07
1.945000000000000000e+03 1.868280471468990403e-07
1.944000000000000000e+03 1.745619819185269573e-07
1.943000000000000000e+03 1.655837575800646274e-07
1.942000000000000000e+03 1.584122290702289967e-07
1.941000000000000000e+03 1.535610194535263188e-07
1.940000000000000000e+03 1.503386998965011541e-07
1.939000000000000000e+03 1.488340700769211898e-07
1.938000000000000000e+03 1.488583528665953071e-07
1.937000000000000000e+03 1.502940722579657424e-07
1.936000000000000000e+03 1.529996413205363271e-07
1.935000000000000000e+03 1.569585276181802630e-07
1.934000000000000000e+03 1.624635471566854675e-07
1.933000000000000000e+03 1.690911353621258568e-07
1.932000000000000000e+03 1.774743554569950097e-07
1.931000000000000000e+03 1.872520724489387229e-07
1.930000000000000000e+03 1.987768109036078985e-07
1.929000000000000000e+03 2.123072685251084035e-07
1.928000000000000000e+03 2.275961567712229744e-07
1.927000000000000000e+03 2.438746654337214810e-07
1.926000000000000000e+03 2.642827078311072529e-07
1.925000000000000000e+03 2.864660412332286515e-07
1.924000000000000000e+03 3.081477727293101189e-07
1.923000000000000000e+03 3.337557415377692550e-07
1.922000000000000000e+03 3.564851697180127661e-07
1.921000000000000000e+03 3.808389221968737716e-07
1.920000000000000000e+03 4.002070741894207955e-07
1.919000000000000000e+03 4.168238593940700801e-07
1.918000000000000000e+03 4.266237866431268254e-07
1.917000000000000000e+03 4.296703429229462951e-07
1.916000000000000000e+03 4.262896433489903489e-07
1.915000000000000000e+03 4.166883613741505907e-07
1.914000000000000000e+03 4.009661856165317785e-07
1.913000000000000000e+03 3.814896414720527104e-07
1.912000000000000000e+03 3.602797922780082114e-07
1.911000000000000000e+03 3.381749214365807660e-07
1.910000000000000000e+03 3.168685369836893132e-07
1.909000000000000000e+03 2.968014397163525879e-07
1.908000000000000000e+03 2.783513541943048475e-07
1.907000000000000000e+03 2.617495727124585302e-07
1.906000000000000000e+03 2.469862033693173838e-07
1.905000000000000000e+03 2.340227193489792587e-07
1.904000000000000000e+03 2.227525960337900764e-07
1.903000000000000000e+03 2.130215874748932279e-07
1.902000000000000000e+03 2.047136346264749497e-07
1.901000000000000000e+03 1.976633501573629591e-07
1.900000000000000000e+03 1.918056924763967520e-07
1.899000000000000000e+03 1.870013770172592616e-07
1.898000000000000000e+03 1.832525434529186976e-07
1.897000000000000000e+03 1.804891374445613147e-07
1.896000000000000000e+03 1.787104174481255012e-07
1.895000000000000000e+03 1.779406786271705787e-07
1.894000000000000000e+03 1.782551949798651232e-07
1.893000000000000000e+03 1.797006549690629370e-07
1.892000000000000000e+03 1.824764537573311004e-07
1.891000000000000000e+03 1.866358821625790538e-07
1.890000000000000000e+03 1.924366609282193897e-07
1.889000000000000000e+03 2.000174639630062853e-07
1.888000000000000000e+03 2.096868365124878127e-07
1.887000000000000000e+03 2.216465135017070707e-07
1.886000000000000000e+03 2.361100734788658297e-07
1.885000000000000000e+03 2.533850741483096383e-07
1.884000000000000000e+03 2.735501057068904145e-07
1.883000000000000000e+03 2.967152734447060927e-07
1.882000000000000000e+03 3.228288658146985747e-07
1.881000000000000000e+03 3.515461944581378923e-07
1.880000000000000000e+03 3.827086327009181007e-07
1.879000000000000000e+03 4.155013765253046315e-07
1.878000000000000000e+03 4.492114005242442883e-07
1.877000000000000000e+03 4.827278746552464232e-07
1.876000000000000000e+03 5.148809827667818471e-07
1.875000000000000000e+03 5.447116983826652695e-07
1.874000000000000000e+03 5.709480728460386445e-07
1.873000000000000000e+03 5.924794564924180055e-07
1.872000000000000000e+03 6.088565349710063711e-07
1.871000000000000000e+03 6.191092459022301708e-07
1.870000000000000000e+03 6.235912838144541372e-07
1.869000000000000000e+03 6.220500185568520598e-07
1.868000000000000000e+03 6.151744314065296002e-07
1.867000000000000000e+03 6.039000440444026337e-07
1.866000000000000000e+03 5.890942524389119410e-07
1.865000000000000000e+03 5.726254130463536630e-07
1.864000000000000000e+03 5.556968779817945459e-07
1.863000000000000000e+03 5.405946814102856456e-07
1.862000000000000000e+03 5.293064305245184688e-07
1.861000000000000000e+03 5.240878751595218712e-07
1.860000000000000000e+03 5.270575510237472763e-07
1.859000000000000000e+03 5.404787616975878391e-07
1.858000000000000000e+03 5.663052592226775511e-07
1.857000000000000000e+03 6.061914037030082934e-07
1.856000000000000000e+03 6.612521489082829370e-07
1.855000000000000000e+03 7.323124875314976561e-07
1.854000000000000000e+03 8.192383461065365264e-07
1.853000000000000000e+03 9.217739168355093210e-07
1.852000000000000000e+03 1.039870444056952936e-06
1.851000000000000000e+03 1.174260612639216144e-06
1.850000000000000000e+03 1.330202502258527753e-06
1.849000000000000000e+03 1.520220562817019728e-06
1.848000000000000000e+03 1.771513075000114981e-06
1.847000000000000000e+03 2.137819471599291164e-06
1.846000000000000000e+03 2.718355898348073783e-06
1.845000000000000000e+03 3.672925642449249832e-06
1.844000000000000000e+03 5.236599795547280028e-06
1.843000000000000000e+03 7.696141883884692337e-06
1.842000000000000000e+03 1.131756370769725934e-05
1.841000000000000000e+03 1.623867158574545655e-05
1.840000000000000000e+03 2.237786155022586487e-05
1.839000000000000000e+03 2.948623796659174964e-05
1.838000000000000000e+03 3.732026728045777795e-05
1.837000000000000000e+03 4.579397371775756093e-05
1.836000000000000000e+03 5.506801281788329240e-05
1.835000000000000000e+03 6.545469565789412386e-05
1.834000000000000000e+03 7.736887729061422687e-05
1.833000000000000000e+03 9.134059436923699080e-05
1.832000000000000000e+03 1.078994185266500278e-04
1.831000000000000000e+03 1.277494557068694833e-04
1.830000000000000000e+03 1.515360762818682128e-04
1.829000000000000000e+03 1.801057698412398937e-04
1.828000000000000000e+03 2.142954138597018873e-04
1.827000000000000000e+03 2.551512355366025481e-04
1.826000000000000000e+03 3.036953887206010486e-04
1.825000000000000000e+03 3.609834685373186939e-04
1.824000000000000000e+03 4.279916797264461518e-04
1.823000000000000000e+03 5.058701649927716763e-04
1.822000000000000000e+03 5.955257393432930374e-04
1.821000000000000000e+03 6.975115142799125437e-04
1.820000000000000000e+03 8.124485297772267647e-04
1.819000000000000000e+03 9.408557636620646725e-04
1.818000000000000000e+03 1.082531381556974242e-03
1.817000000000000000e+03 1.237484580407168574e-03
1.816000000000000000e+03 1.404660902693019141e-03
1.815000000000000000e+03 1.584382325617500475e-03
1.814000000000000000e+03 1.776189399357014538e-03
1.813000000000000000e+03 1.980468953820129201e-03
1.812000000000000000e+03 2.198920397789128935e-03
1.811000000000000000e+03 2.433666638978991808e-03
1.810000000000000000e+03 2.688614878957838999e-03
1.809000000000000000e+03 2.970001575864162670e-03
1.808000000000000000e+03 3.285893099317708805e-03
1.807000000000000000e+03 3.646846096431489125e-03
1.806000000000000000e+03 4.067834062582994549e-03
1.805000000000000000e+03 4.565563189680556765e-03
1.804000000000000000e+03 5.162980834216246602e-03
1.803000000000000000e+03 5.889304488883607795e-03
1.802000000000000000e+03 6.782400254071133984e-03
1.801000000000000000e+03 7.888860171144821548e-03
1.800000000000000000e+03 9.267218016703031996e-03
1.799000000000000000e+03 1.099218497274132185e-02
1.798000000000000000e+03 1.313870909471810677e-02
1.797000000000000000e+03 1.579166842652824157e-02
1.796000000000000000e+03 1.900501933520654108e-02
1.795000000000000000e+03 2.276584694460602465e-02
1.794000000000000000e+03 2.695950792834023169e-02
1.793000000000000000e+03 3.129641619731946683e-02
1.792000000000000000e+03 3.535597992979612469e-02
1.791000000000000000e+03 3.868096980100780430e-02
1.790000000000000000e+03 4.091838884724455921e-02
1.789000000000000000e+03 4.196250612718954720e-02
1.788000000000000000e+03 4.194873372815900725e-02
1.787000000000000000e+03 4.115278249975266173e-02
1.786000000000000000e+03 3.987963964795681465e-02
1.785000000000000000e+03 3.838563799131856219e-02
1.784000000000000000e+03 3.681659067950257547e-02
1.783000000000000000e+03 3.528218076234646006e-02
1.782000000000000000e+03 3.380981800393556558e-02
1.781000000000000000e+03 3.240136542447127205e-02
1.780000000000000000e+03 3.105362586076784032e-02
1.779000000000000000e+03 2.975163622247076201e-02
1.778000000000000000e+03 2.846658291583508207e-02
1.777000000000000000e+03 2.719514419062754595e-02
1.776000000000000000e+03 2.591481778088952637e-02
1.775000000000000000e+03 2.463218262540631948e-02
1.774000000000000000e+03 2.333733098528440256e-02
1.773000000000000000e+03 2.203002953466953392e-02
1.772000000000000000e+03 2.072303418484100490e-02
1.771000000000000000e+03 1.941537853906622271e-02
1.770000000000000000e+03 1.812329867067556666e-02
1.769000000000000000e+03 1.684579139414323079e-02
1.768000000000000000e+03 1.559724670050881279e-02
1.767000000000000000e+03 1.439032418476770235e-02
1.766000000000000000e+03 1.322457483677561517e-02
1.765000000000000000e+03 1.211503781908567640e-02
1.764000000000000000e+03 1.106300613236286048e-02
1.763000000000000000e+03 1.007689444385248025e-02
1.762000000000000000e+03 9.157626038406970620e-03
1.761000000000000000e+03 8.305160545745577869e-03
1.760000000000000000e+03 7.523736855577478275e-03
1.759000000000000000e+03 6.809248558452697664e-03
1.758000000000000000e+03 6.159647590488370739e-03
1.757000000000000000e+03 5.572798465044218746e-03
1.756000000000000000e+03 5.044222401473243654e-03
1.755000000000000000e+03 4.570544671192783813e-03
1.754000000000000000e+03 4.145810331482704773e-03
1.753000000000000000e+03 3.767217923115292761e-03
1.752000000000000000e+03 3.428361125912497004e-03
1.751000000000000000e+03 3.126109600859050194e-03
1.750000000000000000e+03 2.857024032417624683e-03
1.749000000000000000e+03 2.615599958454762307e-03
1.748000000000000000e+03 2.400096604578618072e-03
1.747000000000000000e+03 2.207179740075631939e-03
1.746000000000000000e+03 2.034352531463490092e-03
1.745000000000000000e+03 1.878630219971382962e-03
1.744000000000000000e+03 1.738837537917044696e-03
1.743000000000000000e+03 1.612926867429918462e-03
1.742000000000000000e+03 1.499858202689141910e-03
1.741000000000000000e+03 1.397486436467859118e-03
1.740000000000000000e+03 1.305044120459628162e-03
1.739000000000000000e+03 1.222001663737240637e-03
1.738000000000000000e+03 1.146764318066721385e-03
1.737000000000000000e+03 1.078929398131359216e-03
1.736000000000000000e+03 1.017925340141753125e-03
1.735000000000000000e+03 9.630871991143469214e-04
1.734000000000000000e+03 9.136021904136353922e-04
1.733000000000000000e+03 8.689718655790557630e-04
1.732000000000000000e+03 8.287318640331026382e-04
1.731000000000000000e+03 7.925702131656000085e-04
1.730000000000000000e+03 7.602058318115095543e-04
1.729000000000000000e+03 7.307923872640290780e-04
1.728000000000000000e+03 7.045288165461559412e-04
1.727000000000000000e+03 6.807644692492842214e-04
1.726000000000000000e+03 6.595360828533770002e-04
1.725000000000000000e+03 6.404547374262325359e-04
1.724000000000000000e+03 6.234105760055804954e-04
1.723000000000000000e+03 6.082557781218611440e-04
1.722000000000000000e+03 5.949746465261541864e-04
1.721000000000000000e+03 5.834504335655644244e-04
1.720000000000000000e+03 5.736202838973383095e-04
1.719000000000000000e+03 5.654521194130441566e-04
1.718000000000000000e+03 5.589209650931053347e-04
1.717000000000000000e+03 5.539524620804118279e-04
1.716000000000000000e+03 5.507398341477605895e-04
1.715000000000000000e+03 5.492114525236401661e-04
1.714000000000000000e+03 5.494298282419360141e-04
1.713000000000000000e+03 5.512062270340942639e-04
1.712000000000000000e+03 5.548550557802102434e-04
1.711000000000000000e+03 5.602570064963729784e-04
1.710000000000000000e+03 5.675969557324864970e-04
1.709000000000000000e+03 5.767960758259252623e-04
1.708000000000000000e+03 5.880901000319410524e-04
1.707000000000000000e+03 6.014913075635019068e-04
1.706000000000000000e+03 6.171722343264777425e-04
1.705000000000000000e+03 6.354776154964970458e-04
1.704000000000000000e+03 6.563255784354294665e-04
1.703000000000000000e+03 6.803492388397557131e-04
1.702000000000000000e+03 7.076192290187305637e-04
1.701000000000000000e+03 7.388820087205760778e-04
1.700000000000000000e+03 7.743419403492833629e-04
1.699000000000000000e+03 8.149824155881184003e-04
1.698000000000000000e+03 8.612535765897086793e-04
1.697000000000000000e+03 9.144566906334976710e-04
1.696000000000000000e+03 9.755987283755594578e-04
1.695000000000000000e+03 1.046115712574564481e-03
1.694000000000000000e+03 1.127802408176433206e-03
1.693000000000000000e+03 1.222666664535660948e-03
1.692000000000000000e+03 1.333454670921978540e-03
1.691000000000000000e+03 1.462899515807348149e-03
1.690000000000000000e+03 1.615823319187288968e-03
1.689000000000000000e+03 1.796684568221703412e-03
1.688000000000000000e+03 2.011829078384216353e-03
1.687000000000000000e+03 2.269496257309292549e-03
1.686000000000000000e+03 2.580226523115712774e-03
1.685000000000000000e+03 2.956852068702657110e-03
1.684000000000000000e+03 3.417257444605549793e-03
1.683000000000000000e+03 3.982770937633850830e-03
1.682000000000000000e+03 4.681276196105366161e-03
1.681000000000000000e+03 5.546483936265425921e-03
1.680000000000000000e+03 6.619301890760796898e-03
1.679000000000000000e+03 7.936876450915958045e-03
1.678000000000000000e+03 9.534717119873603944e-03
1.677000000000000000e+03 1.140436346068855224e-02
1.676000000000000000e+03 1.347573287447805142e-02
1.675000000000000000e+03 1.555522546732297610e-02
1.674000000000000000e+03 1.733449399493345797e-02
1.673000000000000000e+03 1.847269954490686483e-02
1.672000000000000000e+03 1.874515681474438200e-02
1.671000000000000000e+03 1.817845654907826805e-02
1.670000000000000000e+03 1.702834539126093713e-02
1.669000000000000000e+03 1.559374238004166205e-02
1.668000000000000000e+03 1.413771324636853982e-02
1.667000000000000000e+03 1.282464068019144657e-02
1.666000000000000000e+03 1.173564342037758217e-02
1.665000000000000000e+03 1.088029351692241901e-02
1.664000000000000000e+03 1.017731175874362834e-02
1.663000000000000000e+03 9.483639815893686251e-03
1.662000000000000000e+03 8.779736551208727757e-03
1.661000000000000000e+03 8.137725303889510944e-03
1.660000000000000000e+03 7.611587595799093608e-03
1.659000000000000000e+03 7.203978131493067073e-03
1.658000000000000000e+03 6.903180590674866737e-03
1.657000000000000000e+03 6.690105897257572071e-03
1.656000000000000000e+03 6.556061696168180575e-03
1.655000000000000000e+03 6.492795842221901585e-03
1.654000000000000000e+03 6.495098645936400218e-03
1.653000000000000000e+03 6.561266812574610523e-03
1.652000000000000000e+03 6.692066312285670400e-03
1.651000000000000000e+03 6.889379513462739503e-03
1.650000000000000000e+03 7.155604476200751879e-03
1.649000000000000000e+03 7.498701275542000652e-03
1.648000000000000000e+03 7.925599924420979187e-03
1.647000000000000000e+03 8.444790569708258629e-03
1.646000000000000000e+03 9.061980496308456867e-03
1.645000000000000000e+03 9.793006750882524494e-03
1.644000000000000000e+03 1.063724370483254238e-02
1.643000000000000000e+03 1.159818760003161753e-02
1.642000000000000000e+03 1.266245310929619075e-02
1.641000000000000000e+03 1.379660947272932578e-02
1.640000000000000000e+03 1.493990983446386901e-02
1.639000000000000000e+03 1.600141961231254725e-02
1.638000000000000000e+03 1.684263026583701986e-02
1.637000000000000000e+03 1.735053795975887228e-02
1.636000000000000000e+03 1.742446964120363678e-02
1.635000000000000000e+03 1.705417978823104211e-02
1.634000000000000000e+03 1.628978295520517802e-02
1.633000000000000000e+03 1.523610842343535096e-02
1.632000000000000000e+03 1.402698972806383157e-02
1.631000000000000000e+03 1.276423253666510854e-02
1.630000000000000000e+03 1.154015724510556486e-02
1.629000000000000000e+03 1.040220576775657997e-02
1.628000000000000000e+03 9.380024492341305573e-03
1.627000000000000000e+03 8.479914409301002667e-03
1.626000000000000000e+03 7.698316436671696385e-03
1.625000000000000000e+03 7.026867354135267994e-03
1.624000000000000000e+03 6.452783698178324312e-03
1.623000000000000000e+03 5.963129449061769713e-03
1.622000000000000000e+03 5.548598014502074093e-03
1.621000000000000000e+03 5.198401975650526578e-03
1.620000000000000000e+03 4.902832146522906852e-03
1.619000000000000000e+03 4.656433798258918788e-03
1.618000000000000000e+03 4.452164317228379624e-03
1.617000000000000000e+03 4.287101697157104374e-03
1.616000000000000000e+03 4.154226506986038667e-03
1.615000000000000000e+03 4.053967081687611870e-03
1.614000000000000000e+03 3.981423821237245302e-03
1.613000000000000000e+03 3.936692237311891808e-03
1.612000000000000000e+03 3.916958672565760795e-03
1.611000000000000000e+03 3.922398961361104990e-03
1.610000000000000000e+03 3.953327569640350918e-03
1.609000000000000000e+03 4.008548340274855834e-03
1.608000000000000000e+03 4.089655179577001906e-03
1.607000000000000000e+03 4.195636935015909300e-03
1.606000000000000000e+03 4.330665078062156600e-03
1.605000000000000000e+03 4.492682637551556266e-03
1.604000000000000000e+03 4.686062803896605053e-03
1.603000000000000000e+03 4.911099150412091136e-03
1.602000000000000000e+03 5.169647374616475298e-03
1.601000000000000000e+03 5.466283917039772844e-03
1.600000000000000000e+03 5.799308903891737914e-03
1.599000000000000000e+03 6.172406348826235331e-03
1.598000000000000000e+03 6.581822115784855855e-03
1.597000000000000000e+03 7.031581579796280720e-03
1.596000000000000000e+03 7.511079154408946065e-03
1.595000000000000000e+03 8.016516298403483787e-03
1.594000000000000000e+03 8.533871640904466815e-03
1.593000000000000000e+03 9.046321830103109043e-03
1.592000000000000000e+03 9.536002315159957179e-03
1.591000000000000000e+03 9.980797141519273316e-03
1.590000000000000000e+03 1.036210274670412539e-02
1.589000000000000000e+03 1.066175925117502678e-02
1.588000000000000000e+03 1.087250506799885760e-02
1.587000000000000000e+03 1.098858734735224871e-02
1.586000000000000000e+03 1.100988126633997526e-02
1.585000000000000000e+03 1.095650913903243283e-02
1.584000000000000000e+03 1.083213948184742065e-02
1.583000000000000000e+03 1.066029169865558186e-02
1.582000000000000000e+03 1.045528696946537370e-02
1.581000000000000000e+03 1.023162459823020835e-02
1.580000000000000000e+03 1.000760375040331621e-02
1.579000000000000000e+03 9.789936789068280285e-03
1.578000000000000000e+03 9.592201543479707271e-03
1.577000000000000000e+03 9.417173449729341478e-03
1.576000000000000000e+03 9.277275401494495394e-03
1.575000000000000000e+03 9.166909793162080280e-03
1.574000000000000000e+03 9.093855557644327930e-03
1.573000000000000000e+03 9.060082156704497153e-03
1.572000000000000000e+03 9.061809610084620506e-03
1.571000000000000000e+03 9.102045992457754447e-03
1.570000000000000000e+03 9.178114527127486863e-03
1.569000000000000000e+03 9.288753670046539374e-03
1.568000000000000000e+03 9.429736987066592718e-03
1.567000000000000000e+03 9.596710366732865913e-03
1.566000000000000000e+03 9.792557067662945036e-03
1.565000000000000000e+03 1.000158909911642510e-02
1.564000000000000000e+03 1.022675826303589240e-02
1.563000000000000000e+03 1.045142715217757708e-02
1.562000000000000000e+03 1.067368547483802874e-02
1.561000000000000000e+03 1.088699737400845163e-02
1.560000000000000000e+03 1.107086222736433298e-02
1.559000000000000000e+03 1.123114815781087877e-02
1.558000000000000000e+03 1.134381683000493767e-02
1.557000000000000000e+03 1.141358604400607990e-02
1.556000000000000000e+03 1.143364933306143146e-02
1.555000000000000000e+03 1.139989298435074329e-02
1.554000000000000000e+03 1.131957300385002044e-02
1.553000000000000000e+03 1.119202401443441033e-02
1.552000000000000000e+03 1.103062081542421739e-02
1.551000000000000000e+03 1.084384925531621351e-02
1.550000000000000000e+03 1.063604402404418753e-02
1.549000000000000000e+03 1.042503814252436142e-02
1.548000000000000000e+03 1.021565554951953808e-02
1.547000000000000000e+03 1.001793000394799078e-02
1.546000000000000000e+03 9.841131407534358180e-03
1.545000000000000000e+03 9.686224488495235804e-03
1.544000000000000000e+03 9.565648231016741707e-03
1.543000000000000000e+03 9.478916812702501207e-03
1.542000000000000000e+03 9.432119709961286902e-03
1.541000000000000000e+03 9.427835464836518964e-03
1.540000000000000000e+03 9.463334865589190931e-03
1.539000000000000000e+03 9.551279573348156471e-03
1.538000000000000000e+03 9.679830936869705457e-03
1.537000000000000000e+03 9.854644690161139253e-03
1.536000000000000000e+03 1.007169662011769655e-02
1.535000000000000000e+03 1.032393119486391987e-02
1.534000000000000000e+03 1.061001803871812130e-02
1.533000000000000000e+03 1.092204861004731145e-02
1.532000000000000000e+03 1.125964566812105543e-02
1.531000000000000000e+03 1.162714659181169480e-02
1.530000000000000000e+03 1.202052497899387326e-02
1.529000000000000000e+03 1.244692550220548137e-02
1.528000000000000000e+03 1.289717146049360573e-02
1.527000000000000000e+03 1.336169064750365905e-02
1.526000000000000000e+03 1.383177787322100068e-02
1.525000000000000000e+03 1.427447404864306581e-02
1.524000000000000000e+03 1.466983061225800473e-02
1.523000000000000000e+03 1.499242108808748579e-02
1.522000000000000000e+03 1.520988400803610120e-02
1.521000000000000000e+03 1.530855153669792232e-02
1.520000000000000000e+03 1.528104854192859248e-02
1.519000000000000000e+03 1.512406787775730926e-02
1.518000000000000000e+03 1.485976117311007053e-02
1.517000000000000000e+03 1.449966229874995009e-02
1.516000000000000000e+03 1.407784450222642446e-02
1.515000000000000000e+03 1.362186463317980982e-02
1.514000000000000000e+03 1.314766616185882725e-02
1.513000000000000000e+03 1.268807244175382785e-02
1.512000000000000000e+03 1.225304185373365939e-02
1.511000000000000000e+03 1.185041355830754317e-02
1.510000000000000000e+03 1.149742896941516324e-02
1.509000000000000000e+03 1.118914784647582691e-02
1.508000000000000000e+03 1.093061398653929518e-02
1.507000000000000000e+03 1.072833925214488129e-02
1.506000000000000000e+03 1.056758523006286546e-02
1.505000000000000000e+03 1.045976748746241074e-02
1.504000000000000000e+03 1.039784857558500274e-02
1.503000000000000000e+03 1.037569695822333424e-02
1.502000000000000000e+03 1.039425185387502816e-02
1.501000000000000000e+03 1.045073971893014514e-02
1.500000000000000000e+03 1.053737073296423347e-02
1.499000000000000000e+03 1.065936657459526718e-02
1.498000000000000000e+03 1.079923132820214023e-02
1.497000000000000000e+03 1.095413639703002838e-02
1.496000000000000000e+03 1.111893281094971687e-02
1.495000000000000000e+03 1.127166900769712918e-02
1.494000000000000000e+03 1.140175476038501369e-02
1.493000000000000000e+03 1.149633665888505005e-02
1.492000000000000000e+03 1.153452552058610754e-02
1.491000000000000000e+03 1.150570588222172598e-02
1.490000000000000000e+03 1.140931464798625866e-02
1.489000000000000000e+03 1.122864520441111368e-02
1.488000000000000000e+03 1.098122680246253237e-02
1.487000000000000000e+03 1.067570842742100734e-02
1.486000000000000000e+03 1.031949272689055251e-02
1.485000000000000000e+03 9.938598711860337914e-03
1.484000000000000000e+03 9.548474599834858370e-03
1.483000000000000000e+03 9.157893021723864310e-03
1.482000000000000000e+03 8.791939102908976830e-03
1.481000000000000000e+03 8.454579599606363086e-03
1.480000000000000000e+03 8.150748787481704172e-03
1.479000000000000000e+03 7.895336660002008969e-03
1.478000000000000000e+03 7.682182233860684363e-03
1.477000000000000000e+03 7.513873940550200130e-03
1.476000000000000000e+03 7.394685843461953727e-03
1.475000000000000000e+03 7.313962274781348957e-03
1.474000000000000000e+03 7.265102077223785371e-03
1.473000000000000000e+03 7.251992312212828147e-03
1.472000000000000000e+03 7.262043531531414513e-03
1.471000000000000000e+03 7.299868481703212196e-03
1.470000000000000000e+03 7.379004556284063723e-03
1.469000000000000000e+03 7.504337475853230764e-03
1.468000000000000000e+03 7.685400745734823069e-03
1.467000000000000000e+03 7.938268855962977641e-03
1.466000000000000000e+03 8.263517644145046068e-03
1.465000000000000000e+03 8.663400604407206496e-03
1.464000000000000000e+03 9.145884124130265053e-03
1.463000000000000000e+03 9.707024741440459237e-03
1.462000000000000000e+03 1.032916630824815343e-02
1.461000000000000000e+03 1.100492081117889626e-02
1.460000000000000000e+03 1.168922139051726747e-02
1.459000000000000000e+03 1.232752896590576068e-02
1.458000000000000000e+03 1.284935965208173006e-02
1.457000000000000000e+03 1.317704849907936487e-02
1.456000000000000000e+03 1.322708929166066527e-02
1.455000000000000000e+03 1.296598781966863852e-02
1.454000000000000000e+03 1.240297886038470646e-02
1.453000000000000000e+03 1.158573080558843692e-02
1.452000000000000000e+03 1.060943860697841079e-02
1.451000000000000000e+03 9.573574560211959780e-03
1.450000000000000000e+03 8.543969826534542414e-03
1.449000000000000000e+03 7.583044509645142650e-03
1.448000000000000000e+03 6.723431114795984549e-03
1.447000000000000000e+03 5.971133973643896406e-03
1.446000000000000000e+03 5.324710152728721023e-03
1.445000000000000000e+03 4.783359233475704964e-03
1.444000000000000000e+03 4.332717929470264462e-03
1.443000000000000000e+03 3.958514415897453412e-03
1.442000000000000000e+03 3.654438945832063582e-03
1.441000000000000000e+03 3.410811782932019701e-03
1.440000000000000000e+03 3.214751778485426363e-03
1.439000000000000000e+03 3.060486195345539506e-03
1.438000000000000000e+03 2.941145595228432993e-03
1.437000000000000000e+03 2.848290512534067120e-03
1.436000000000000000e+03 2.777071402978960411e-03
1.435000000000000000e+03 2.728940971417113861e-03
1.434000000000000000e+03 2.706150470369851624e-03
1.433000000000000000e+03 2.709424602548697342e-03
1.432000000000000000e+03 2.744452170851533965e-03
1.431000000000000000e+03 2.812413593608933428e-03
1.430000000000000000e+03 2.913862704438355440e-03
1.429000000000000000e+03 3.052835656346167357e-03
1.428000000000000000e+03 3.233482241910500508e-03
1.427000000000000000e+03 3.457787557874797500e-03
1.426000000000000000e+03 3.727262583906424363e-03
1.425000000000000000e+03 4.047389838858323277e-03
1.424000000000000000e+03 4.416194980683101588e-03
1.423000000000000000e+03 4.822122663841386242e-03
1.422000000000000000e+03 5.248958580811016218e-03
1.421000000000000000e+03 5.671453453237376360e-03
1.420000000000000000e+03 6.044212815779211739e-03
1.419000000000000000e+03 6.311332018966106690e-03
1.418000000000000000e+03 6.435229778378456084e-03
1.417000000000000000e+03 6.391749969014163570e-03
1.416000000000000000e+03 6.181760674114139195e-03
1.415000000000000000e+03 5.842142745845561348e-03
1.414000000000000000e+03 5.427663231880331014e-03
1.413000000000000000e+03 4.984601022769406115e-03
1.412000000000000000e+03 4.544566194123716985e-03
1.411000000000000000e+03 4.137362137575872033e-03
1.410000000000000000e+03 3.776746124119480415e-03
1.409000000000000000e+03 3.462735271836180941e-03
1.408000000000000000e+03 3.192879395280253437e-03
1.407000000000000000e+03 2.967876712133246837e-03
1.406000000000000000e+03 2.782185744230643645e-03
1.405000000000000000e+03 2.628852859718425021e-03
1.404000000000000000e+03 2.505111048646778416e-03
1.403000000000000000e+03 2.408918842226569212e-03
1.402000000000000000e+03 2.336323102123140632e-03
1.401000000000000000e+03 2.282523045003796974e-03
1.400000000000000000e+03 2.247293298607821663e-03
1.399000000000000000e+03 2.231545640195338725e-03
1.398000000000000000e+03 2.232877656630984694e-03
1.397000000000000000e+03 2.248579336769564608e-03
1.396000000000000000e+03 2.281184689398701657e-03
1.395000000000000000e+03 2.331600194781405927e-03
1.394000000000000000e+03 2.398650079903227265e-03
1.393000000000000000e+03 2.480227390447586801e-03
1.392000000000000000e+03 2.577411352919230670e-03
1.391000000000000000e+03 2.689851446299470084e-03
1.390000000000000000e+03 2.811103476977994554e-03
1.389000000000000000e+03 2.935914886734202096e-03
1.388000000000000000e+03 3.056374985870731562e-03
1.387000000000000000e+03 3.163158997517196130e-03
1.386000000000000000e+03 3.236953558144717389e-03
1.385000000000000000e+03 3.261844272187594800e-03
1.384000000000000000e+03 3.224246080457943749e-03
1.383000000000000000e+03 3.117984103985539223e-03
1.382000000000000000e+03 2.942989286756964550e-03
1.381000000000000000e+03 2.711889787298130215e-03
1.380000000000000000e+03 2.447513641021199782e-03
1.379000000000000000e+03 2.171666537323240203e-03
1.378000000000000000e+03 1.902717009419167002e-03
1.377000000000000000e+03 1.652963322481303078e-03
1.376000000000000000e+03 1.429841526389492379e-03
1.375000000000000000e+03 1.236361933163348083e-03
1.374000000000000000e+03 1.071028996970511266e-03
1.373000000000000000e+03 9.309592159984494616e-04
1.372000000000000000e+03 8.132163530450116969e-04
1.371000000000000000e+03 7.147342546842708156e-04
1.370000000000000000e+03 6.327671904825633246e-04
1.369000000000000000e+03 5.639860951319552009e-04
1.368000000000000000e+03 5.064394130603937444e-04
1.367000000000000000e+03 4.584275931533031336e-04
1.366000000000000000e+03 4.182646809643246477e-04
1.365000000000000000e+03 3.846108520723058523e-04
1.364000000000000000e+03 3.563648403662062749e-04
1.363000000000000000e+03 3.325599443059760909e-04
1.362000000000000000e+03 3.125305059725762193e-04
1.361000000000000000e+03 2.956425402154527066e-04
1.360000000000000000e+03 2.812421747437085051e-04
1.359000000000000000e+03 2.688834982225587296e-04
1.358000000000000000e+03 2.581743556917837643e-04
1.357000000000000000e+03 2.488775222804047384e-04
1.356000000000000000e+03 2.405771249214308223e-04
1.355000000000000000e+03 2.330561376719447123e-04
1.354000000000000000e+03 2.261102082443711982e-04
1.353000000000000000e+03 2.196476447069660421e-04
1.352000000000000000e+03 2.135498650216765735e-04
1.351000000000000000e+03 2.076562586739356432e-04
1.350000000000000000e+03 2.020449187645274760e-04
1.349000000000000000e+03 1.965926035283241770e-04
1.348000000000000000e+03 1.914558737252554377e-04
1.347000000000000000e+03 1.866046606748118059e-04
1.346000000000000000e+03 1.821383922001993023e-04
1.345000000000000000e+03 1.781275810710465960e-04
1.344000000000000000e+03 1.745747129098068845e-04
1.343000000000000000e+03 1.715710192840488326e-04
1.342000000000000000e+03 1.692137231617989515e-04
1.341000000000000000e+03 1.674466798451741841e-04
1.340000000000000000e+03 1.663323322839355210e-04
1.339000000000000000e+03 1.657796560459299693e-04
1.338000000000000000e+03 1.656715172218890635e-04
1.337000000000000000e+03 1.658785565730922472e-04
1.336000000000000000e+03 1.660904154954226039e-04
1.335000000000000000e+03 1.658416305752213925e-04
1.334000000000000000e+03 1.646975475561266052e-04
1.333000000000000000e+03 1.620753253178926830e-04
1.332000000000000000e+03 1.575060453879179446e-04
1.331000000000000000e+03 1.506920494008536469e-04
1.330000000000000000e+03 1.416585846230455220e-04
1.329000000000000000e+03 1.310631702303828518e-04
1.328000000000000000e+03 1.193467553844909391e-04
1.327000000000000000e+03 1.072740621175658551e-04
1.326000000000000000e+03 9.551336276579717034e-05
1.325000000000000000e+03 8.459247277625891656e-05
1.324000000000000000e+03 7.480185336296203160e-05
1.323000000000000000e+03 6.627338147549338612e-05
1.322000000000000000e+03 5.899327880624965554e-05
1.321000000000000000e+03 5.288885885133487805e-05
1.320000000000000000e+03 4.783768193775551469e-05
1.319000000000000000e+03 4.370071838545044955e-05
1.318000000000000000e+03 4.036426510276328402e-05
1.317000000000000000e+03 3.774508570599900486e-05
1.316000000000000000e+03 3.575218685665003198e-05
1.315000000000000000e+03 3.431974794125198424e-05
1.314000000000000000e+03 3.341417158246859961e-05
1.313000000000000000e+03 3.301245606924186270e-05
1.312000000000000000e+03 3.314507031207689574e-05
1.311000000000000000e+03 3.386333841789137064e-05
1.310000000000000000e+03 3.527622650776217805e-05
1.309000000000000000e+03 3.747335900569285480e-05
1.308000000000000000e+03 4.046377793827480863e-05
1.307000000000000000e+03 4.397387804707441413e-05
1.306000000000000000e+03 4.753377787085459616e-05
1.305000000000000000e+03 5.094937760130420425e-05
1.304000000000000000e+03 5.431422228916629020e-05
1.303000000000000000e+03 5.777456741810544808e-05
1.302000000000000000e+03 6.117893594833924691e-05
1.301000000000000000e+03 6.418324322102664410e-05
1.300000000000000000e+03 6.635576565833143866e-05
1.299000000000000000e+03 6.742264587567929352e-05
1.298000000000000000e+03 6.745852985192172732e-05
1.297000000000000000e+03 6.674838706389347456e-05
1.296000000000000000e+03 6.538385001196097169e-05
1.295000000000000000e+03 6.269097435292823981e-05
1.294000000000000000e+03 5.789698938355947113e-05
1.293000000000000000e+03 5.152521358612872871e-05
1.292000000000000000e+03 4.505659641040881557e-05
1.291000000000000000e+03 3.952941015116570312e-05
1.290000000000000000e+03 3.520256735223806541e-05
1.289000000000000000e+03 3.193207379229054101e-05
1.288000000000000000e+03 2.953205665178849969e-05
1.287000000000000000e+03 2.780945273767477044e-05
1.286000000000000000e+03 2.663503625938232216e-05
1.285000000000000000e+03 2.590073269395709382e-05
1.284000000000000000e+03 2.553352747789183424e-05
1.283000000000000000e+03 2.547454982626042526e-05
1.282000000000000000e+03 2.569625527337532348e-05
1.281000000000000000e+03 2.618709331247504811e-05
1.280000000000000000e+03 2.697017997627571169e-05
1.279000000000000000e+03 2.807408552976220321e-05
1.278000000000000000e+03 2.953354697704106994e-05
1.277000000000000000e+03 3.137928198164114735e-05
1.276000000000000000e+03 3.360224944428706552e-05
1.275000000000000000e+03 3.616947952278717898e-05
1.274000000000000000e+03 3.897219234689615423e-05
1.273000000000000000e+03 4.185242287941240744e-05
1.272000000000000000e+03 4.462275737941596559e-05
1.271000000000000000e+03 4.704432101017797869e-05
1.270000000000000000e+03 4.891664321834769523e-05
1.269000000000000000e+03 5.010913723235567143e-05
1.268000000000000000e+03 5.059624674372026516e-05
1.267000000000000000e+03 5.044481044328408395e-05
1.266000000000000000e+03 4.980809233884197107e-05
1.265000000000000000e+03 4.888640001294399163e-05
1.264000000000000000e+03 4.785200216243666778e-05
1.263000000000000000e+03 4.684155168663050255e-05
1.262000000000000000e+03 4.597936132160208834e-05
1.261000000000000000e+03 4.534404877690028230e-05
1.260000000000000000e+03 4.496542854320556782e-05
1.259000000000000000e+03 4.487533252511678950e-05
1.258000000000000000e+03 4.506848915120015883e-05
1.257000000000000000e+03 4.555937845080988371e-05
1.256000000000000000e+03 4.634443864532399092e-05
1.255000000000000000e+03 4.740028905335386410e-05
1.254000000000000000e+03 4.871833941825790074e-05
1.253000000000000000e+03 5.027987692558355103e-05
1.252000000000000000e+03 5.205729670744454964e-05
1.251000000000000000e+03 5.398768783517665025e-05
1.250000000000000000e+03 5.604281677920861556e-05
1.249000000000000000e+03 5.810837474196288395e-05
1.248000000000000000e+03 6.012056004556634635e-05
1.247000000000000000e+03 6.195855872652405040e-05
1.246000000000000000e+03 6.350861036696194494e-05
1.245000000000000000e+03 6.468080742593802389e-05
1.244000000000000000e+03 6.538681812031080958e-05
1.243000000000000000e+03 6.558766560555468904e-05
1.242000000000000000e+03 6.525612646209913404e-05
1.241000000000000000e+03 6.438851871709268346e-05
1.240000000000000000e+03 6.303396602843284308e-05
1.239000000000000000e+03 6.122534977422055733e-05
1.238000000000000000e+03 5.904009571619442122e-05
1.237000000000000000e+03 5.650900376691674802e-05
1.236000000000000000e+03 5.371358647579796468e-05
1.235000000000000000e+03 5.070676649057810571e-05
1.234000000000000000e+03 4.758125288955961194e-05
1.233000000000000000e+03 4.439086080667786435e-05
1.232000000000000000e+03 4.122337687583396828e-05
1.231000000000000000e+03 3.814924101056661005e-05
1.230000000000000000e+03 3.525570191558647260e-05
1.229000000000000000e+03 3.257935646342805094e-05
1.228000000000000000e+03 3.019427806791173024e-05
1.227000000000000000e+03 2.811989499839739797e-05
1.226000000000000000e+03 2.638872979053986760e-05
1.225000000000000000e+03 2.501738184410119689e-05
1.224000000000000000e+03 2.403392333010604271e-05
1.223000000000000000e+03 2.346520670203425252e-05
1.222000000000000000e+03 2.334561572878189953e-05
1.221000000000000000e+03 2.368232898436166563e-05
1.220000000000000000e+03 2.435916635860606118e-05
1.219000000000000000e+03 2.505250125655253797e-05
1.218000000000000000e+03 2.545337047552663156e-05
1.217000000000000000e+03 2.565906209060761487e-05
1.216000000000000000e+03 2.604552214643187117e-05
1.215000000000000000e+03 2.689157047183110395e-05
1.214000000000000000e+03 2.828371430831031958e-05
1.213000000000000000e+03 3.016958644116702240e-05
1.212000000000000000e+03 3.237186002266085347e-05
1.211000000000000000e+03 3.452495209614080872e-05
1.210000000000000000e+03 3.605619630385773297e-05
1.209000000000000000e+03 3.628261093884657321e-05
1.208000000000000000e+03 3.479170213086816221e-05
1.207000000000000000e+03 3.169784025716880076e-05
1.206000000000000000e+03 2.766143307876793437e-05
1.205000000000000000e+03 2.343351756499684253e-05
1.204000000000000000e+03 1.956316578237985099e-05
1.203000000000000000e+03 1.628379512213002267e-05
1.202000000000000000e+03 1.363888389264468990e-05
1.201000000000000000e+03 1.155399990177072735e-05
1.200000000000000000e+03 9.934871743410015661e-06
1.199000000000000000e+03 8.682001084128684808e-06
1.198000000000000000e+03 7.714819890545734186e-06
1.197000000000000000e+03 6.968328084593283549e-06
1.196000000000000000e+03 6.394367320707602182e-06
1.195000000000000000e+03 5.959062914576122357e-06
1.194000000000000000e+03 5.635552756548404732e-06
1.193000000000000000e+03 5.405699801353439100e-06
1.192000000000000000e+03 5.259815323012619752e-06
1.191000000000000000e+03 5.189136750692040860e-06
1.190000000000000000e+03 5.190720991528480515e-06
1.189000000000000000e+03 5.263769071520116812e-06
1.188000000000000000e+03 5.410273795121110062e-06
1.187000000000000000e+03 5.631682145035882579e-06
1.186000000000000000e+03 5.933707289816759261e-06
1.185000000000000000e+03 6.326211188537130719e-06
1.184000000000000000e+03 6.817755020574565390e-06
1.183000000000000000e+03 7.422993868258445959e-06
1.182000000000000000e+03 8.160219911125574479e-06
1.181000000000000000e+03 9.055368314617042949e-06
1.180000000000000000e+03 1.014076783628347500e-05
1.179000000000000000e+03 1.146301644547311833e-05
1.178000000000000000e+03 1.306633040196295216e-05
1.177000000000000000e+03 1.500616047731940436e-05
1.176000000000000000e+03 1.734975427420807050e-05
1.175000000000000000e+03 2.015208745165809382e-05
1.174000000000000000e+03 2.346929177733660078e-05
1.173000000000000000e+03 2.733579226419402303e-05
1.172000000000000000e+03 3.173960727583722386e-05
1.171000000000000000e+03 3.664719634490850876e-05
1.170000000000000000e+03 4.195260465107541862e-05
1.169000000000000000e+03 4.742471797641124647e-05
1.168000000000000000e+03 5.302543373524935783e-05
1.167000000000000000e+03 5.866064127481359632e-05
1.166000000000000000e+03 6.427176339637255976e-05
1.165000000000000000e+03 6.989826132643510144e-05
1.164000000000000000e+03 7.565694108558166395e-05
1.163000000000000000e+03 8.171076057418580080e-05
1.162000000000000000e+03 8.830374277857597600e-05
1.161000000000000000e+03 9.577458245119752414e-05
1.160000000000000000e+03 1.043987501862922359e-04
1.159000000000000000e+03 1.145392689836980494e-04
1.158000000000000000e+03 1.267157236551584565e-04
1.157000000000000000e+03 1.414056219731180477e-04
1.156000000000000000e+03 1.591995198344432370e-04
1.155000000000000000e+03 1.805219365925956904e-04
1.154000000000000000e+03 2.058124762987276592e-04
1.153000000000000000e+03 2.349674391704056778e-04
1.152000000000000000e+03 2.673574492628445049e-04
1.151000000000000000e+03 3.013273879953215777e-04
1.150000000000000000e+03 3.345110593078310084e-04
1.149000000000000000e+03 3.638536596316183981e-04
1.148000000000000000e+03 3.869378345549023021e-04
1.147000000000000000e+03 4.020022216052988265e-04
1.146000000000000000e+03 4.083557574835184581e-04
1.145000000000000000e+03 4.035932772788613262e-04
1.144000000000000000e+03 3.810740210226332505e-04
1.143000000000000000e+03 3.295333263448919914e-04
1.142000000000000000e+03 2.449813626622840651e-04
1.141000000000000000e+03 1.499193511672385569e-04
1.140000000000000000e+03 8.007847013549897327e-05
1.139000000000000000e+03 4.722861501230162700e-05
1.138000000000000000e+03 3.853082053726578359e-05
1.137000000000000000e+03 3.854762831582677821e-05
1.136000000000000000e+03 3.888525077572818411e-05
1.135000000000000000e+03 3.695611975848497887e-05
1.134000000000000000e+03 3.319537882989464893e-05
1.133000000000000000e+03 2.918161314882915472e-05
1.132000000000000000e+03 2.659094483234041218e-05
1.131000000000000000e+03 2.650750721336239766e-05
1.130000000000000000e+03 2.915052954215778069e-05
1.129000000000000000e+03 3.390474827935561862e-05
1.128000000000000000e+03 3.961965884577521981e-05
1.127000000000000000e+03 4.500991238196512702e-05
1.126000000000000000e+03 4.902784989037976934e-05
1.125000000000000000e+03 5.109063812917157476e-05
1.124000000000000000e+03 5.117720337094901607e-05
1.123000000000000000e+03 4.976398202984885560e-05
1.122000000000000000e+03 4.774652921269677676e-05
1.121000000000000000e+03 4.618219040534608452e-05
1.120000000000000000e+03 4.606224667880771132e-05
1.119000000000000000e+03 4.805413322130389986e-05
1.118000000000000000e+03 5.234298289565331695e-05
1.117000000000000000e+03 5.852186849935482181e-05
1.116000000000000000e+03 6.576824505717652103e-05
1.115000000000000000e+03 7.299722554645112361e-05
1.114000000000000000e+03 7.911119472155899487e-05
1.113000000000000000e+03 8.326712506020358105e-05
1.112000000000000000e+03 8.498673231319966645e-05
1.111000000000000000e+03 8.429915937848767569e-05
1.110000000000000000e+03 8.169803092582319799e-05
1.109000000000000000e+03 7.810117902946256332e-05
1.108000000000000000e+03 7.461215283339944272e-05
1.107000000000000000e+03 7.228440911962919391e-05
1.106000000000000000e+03 7.184667957935984329e-05
1.105000000000000000e+03 7.358320101581274975e-05
1.104000000000000000e+03 7.723717487916337548e-05
1.103000000000000000e+03 8.215825353490665997e-05
1.102000000000000000e+03 8.745858608688929518e-05
1.101000000000000000e+03 9.226736280659714575e-05
1.100000000000000000e+03 9.581274106132979713e-05
1.099000000000000000e+03 9.765254121722691130e-05
1.098000000000000000e+03 9.773707627872200271e-05
1.097000000000000000e+03 9.629375562299204128e-05
1.096000000000000000e+03 9.386005696166627220e-05
1.095000000000000000e+03 9.107954792789472011e-05
1.094000000000000000e+03 8.860680456836811771e-05
1.093000000000000000e+03 8.689674962350342415e-05
1.092000000000000000e+03 8.617790473324114992e-05
1.091000000000000000e+03 8.645927015227428288e-05
1.090000000000000000e+03 8.746265773925554097e-05
1.089000000000000000e+03 8.876727613383647152e-05
1.088000000000000000e+03 8.989730724568067630e-05
1.087000000000000000e+03 9.049353623689123782e-05
1.086000000000000000e+03 9.035187486524958367e-05
1.085000000000000000e+03 8.951103525536220520e-05
1.084000000000000000e+03 8.819956748149040168e-05
1.083000000000000000e+03 8.683984298437555491e-05
1.082000000000000000e+03 8.597368990024631809e-05
1.081000000000000000e+03 8.612315345663672272e-05
1.080000000000000000e+03 8.765628312979088202e-05
1.079000000000000000e+03 9.068964426359875407e-05
1.078000000000000000e+03 9.513602389011109964e-05
1.077000000000000000e+03 1.005635520672454265e-04
1.076000000000000000e+03 1.064446746900037891e-04
1.075000000000000000e+03 1.120688639389621436e-04
1.074000000000000000e+03 1.168161288406789036e-04
1.073000000000000000e+03 1.201898335545569321e-04
1.072000000000000000e+03 1.220332280887863314e-04
1.071000000000000000e+03 1.224333864603125886e-04
1.070000000000000000e+03 1.218390790367794509e-04
1.069000000000000000e+03 1.211872225307433206e-04
1.068000000000000000e+03 1.216418107780991415e-04
1.067000000000000000e+03 1.244463069652425660e-04
1.066000000000000000e+03 1.305402466727614342e-04
1.065000000000000000e+03 1.402296392120207865e-04
1.064000000000000000e+03 1.531270086893420784e-04
1.063000000000000000e+03 1.679779012675274681e-04
1.062000000000000000e+03 1.828621884905036400e-04
1.061000000000000000e+03 1.955829979256585834e-04
1.060000000000000000e+03 2.040857316654466353e-04
1.059000000000000000e+03 2.067634512403025823e-04
1.058000000000000000e+03 2.029956872996225735e-04
1.057000000000000000e+03 1.932280471725021653e-04
1.056000000000000000e+03 1.791461815354252645e-04
1.055000000000000000e+03 1.629689014456032104e-04
1.054000000000000000e+03 1.472200607995361040e-04
1.053000000000000000e+03 1.340191287139329366e-04
1.052000000000000000e+03 1.248234271747923998e-04
1.051000000000000000e+03 1.199078188576598091e-04
1.050000000000000000e+03 1.187655690519170027e-04
1.049000000000000000e+03 1.201689891820966583e-04
1.048000000000000000e+03 1.226613714696605433e-04
1.047000000000000000e+03 1.249831642962244990e-04
1.046000000000000000e+03 1.263737635553434011e-04
1.045000000000000000e+03 1.264017415264907893e-04
1.044000000000000000e+03 1.250886041453706723e-04
1.043000000000000000e+03 1.227071140099538513e-04
1.042000000000000000e+03 1.197311845091767862e-04
1.041000000000000000e+03 1.165432337263438739e-04
1.040000000000000000e+03 1.135352749023054174e-04
1.039000000000000000e+03 1.108513437505681982e-04
1.038000000000000000e+03 1.084772389952556317e-04
1.037000000000000000e+03 1.061599867974032829e-04
1.036000000000000000e+03 1.035242993010660075e-04
1.035000000000000000e+03 1.002487241112804377e-04
1.034000000000000000e+03 9.604249544365235809e-05
1.033000000000000000e+03 9.092277299280104234e-05
1.032000000000000000e+03 8.513970287499082095e-05
1.031000000000000000e+03 7.920207118972909775e-05
1.030000000000000000e+03 7.380032511247411071e-05
1.029000000000000000e+03 6.959787895984870275e-05
1.028000000000000000e+03 6.708735272366591154e-05
1.027000000000000000e+03 6.650145893437295927e-05
1.026000000000000000e+03 6.761946860524352095e-05
1.025000000000000000e+03 6.993110534409131124e-05
1.024000000000000000e+03 7.258659720152820557e-05
1.023000000000000000e+03 7.469887060652738995e-05
1.022000000000000000e+03 7.553402503289635467e-05
1.021000000000000000e+03 7.463193253444648371e-05
1.020000000000000000e+03 7.189535617550207142e-05
1.019000000000000000e+03 6.760448689461407573e-05
1.018000000000000000e+03 6.231246875631593130e-05
1.017000000000000000e+03 5.678591608189473505e-05
1.016000000000000000e+03 5.180457681435837654e-05
1.015000000000000000e+03 4.801010443335964760e-05
1.014000000000000000e+03 4.579250347202146361e-05
1.013000000000000000e+03 4.513550079476541901e-05
1.012000000000000000e+03 4.569283560636050191e-05
1.011000000000000000e+03 4.685708549966723058e-05
1.010000000000000000e+03 4.795751637420782613e-05
1.009000000000000000e+03 4.833686631321762705e-05
1.008000000000000000e+03 4.756025798339510264e-05
1.007000000000000000e+03 4.540913595825492695e-05
1.006000000000000000e+03 4.203667954368108672e-05
1.005000000000000000e+03 3.787948001495982910e-05
1.004000000000000000e+03 3.355911708926323403e-05
1.003000000000000000e+03 2.968750240144948531e-05
1.002000000000000000e+03 2.670519530205785725e-05
1.001000000000000000e+03 2.478634907398674319e-05
1.000000000000000000e+03 2.386983480341230501e-05
9.990000000000000000e+02 2.367791098227683085e-05
9.980000000000000000e+02 2.388252869270591296e-05
9.970000000000000000e+02 2.412931387827139539e-05
9.960000000000000000e+02 2.417801090598374879e-05
9.950000000000000000e+02 2.388292091311077287e-05
9.940000000000000000e+02 2.323429531305926931e-05
9.930000000000000000e+02 2.233348373095928152e-05
9.920000000000000000e+02 2.135978077613305084e-05
9.910000000000000000e+02 2.055559125469787977e-05
9.900000000000000000e+02 2.013370800386719863e-05
9.890000000000000000e+02 2.022016704721882712e-05
9.880000000000000000e+02 2.082796952448546029e-05
9.870000000000000000e+02 2.182230777739988171e-05
9.860000000000000000e+02 2.296992536491137884e-05
9.850000000000000000e+02 2.399084562867168256e-05
9.840000000000000000e+02 2.466553511281369785e-05
9.830000000000000000e+02 2.487455980556522130e-05
9.820000000000000000e+02 2.468226057595051477e-05
9.810000000000000000e+02 2.425795739290803637e-05
9.800000000000000000e+02 2.384489759917455024e-05
9.790000000000000000e+02 2.369300392131991177e-05
9.780000000000000000e+02 2.400153123477933055e-05
9.770000000000000000e+02 2.486403216377695979e-05
9.760000000000000000e+02 2.623794205346319483e-05
9.750000000000000000e+02 2.793887197142038789e-05
9.740000000000000000e+02 2.967129882475751508e-05
9.730000000000000000e+02 3.109030023230998301e-05
9.720000000000000000e+02 3.187419545698864091e-05
9.710000000000000000e+02 3.185186214916722690e-05
9.700000000000000000e+02 3.115894593157418141e-05
9.690000000000000000e+02 3.029252081301958349e-05
9.680000000000000000e+02 3.012004620065880393e-05
9.670000000000000000e+02 3.167465208463349804e-05
9.660000000000000000e+02 3.591717140276411521e-05
9.650000000000000000e+02 4.343934655697737865e-05
9.640000000000000000e+02 5.423740590957215835e-05
9.630000000000000000e+02 6.769748102705129306e-05
9.620000000000000000e+02 8.276856985642569648e-05
9.610000000000000000e+02 9.805652051271228895e-05
9.600000000000000000e+02 1.121545403841123190e-04
9.590000000000000000e+02 1.239207029766028925e-04
9.580000000000000000e+02 1.333382079068436946e-04
9.570000000000000000e+02 1.420591317159299819e-04
9.560000000000000000e+02 1.528861287216196530e-04
9.550000000000000000e+02 1.677446543892375391e-04
9.540000000000000000e+02 1.853872074934166734e-04
9.530000000000000000e+02 2.013509227530257788e-04
9.520000000000000000e+02 2.108290016552402050e-04
9.510000000000000000e+02 2.101331981111848350e-04
9.500000000000000000e+02 1.906425589791268019e-04
9.490000000000000000e+02 1.387371467785252844e-04
9.480000000000000000e+02 7.280215890741177740e-05
9.470000000000000000e+02 2.995645234785815139e-05
9.460000000000000000e+02 1.146116511446913760e-05
9.450000000000000000e+02 4.466209302142712112e-06
9.440000000000000000e+02 1.818307176238231624e-06
9.430000000000000000e+02 7.740045150202181361e-07
9.420000000000000000e+02 3.374839209799401531e-07
9.410000000000000000e+02 1.465862622240351958e-07
9.400000000000000000e+02 6.444532348940417494e-08
9.390000000000000000e+02 2.989007887466640126e-08
9.380000000000000000e+02 1.515206532890859087e-08
9.370000000000000000e+02 8.649175703764962170e-09
9.360000000000000000e+02 5.643101771839944478e-09
9.350000000000000000e+02 4.149110666880279885e-09
9.340000000000000000e+02 3.316813813065100451e-09
9.330000000000000000e+02 2.793532527353013633e-09
9.320000000000000000e+02 2.456429435467281805e-09
9.310000000000000000e+02 2.303752547788247686e-09
9.300000000000000000e+02 2.380523586177614967e-09
9.290000000000000000e+02 2.687915840481003082e-09
9.280000000000000000e+02 3.114523929630287123e-09
9.270000000000000000e+02 3.488952901628463572e-09
9.260000000000000000e+02 3.719426797308130183e-09
9.250000000000000000e+02 3.824176998046068075e-09
9.240000000000000000e+02 3.844007457749750375e-09
9.230000000000000000e+02 3.776779427570301712e-09
9.220000000000000000e+02 4.079034246256293702e-09
9.210000000000000000e+02 7.970327206530172028e-09
9.200000000000000000e+02 1.321355865939354327e-08
9.190000000000000000e+02 9.595864208510600021e-09
9.180000000000000000e+02 5.152297818746937891e-09
9.170000000000000000e+02 2.921269109777795868e-09
9.160000000000000000e+02 1.879013303254801364e-09
9.150000000000000000e+02 1.364947505517060341e-09
9.140000000000000000e+02 1.102295943742739482e-09
9.130000000000000000e+02 9.726552755088845867e-10
9.120000000000000000e+02 9.354184728502067967e-10
9.110000000000000000e+02 9.553402103856516981e-10
9.100000000000000000e+02 1.017044661368295609e-09
9.090000000000000000e+02 1.093979717465835593e-09
9.080000000000000000e+02 1.145956118960944233e-09
9.070000000000000000e+02 1.123056485243600972e-09
9.060000000000000000e+02 1.004119028848233160e-09
9.050000000000000000e+02 8.295912918898175496e-10
9.040000000000000000e+02 6.599595867913883216e-10
9.030000000000000000e+02 5.259045442782047771e-10
9.020000000000000000e+02 4.317574680706605880e-10
9.010000000000000000e+02 3.641575328609763265e-10
9.000000000000000000e+02 3.079092834728179432e-10
